data/sdm/Kinkajou.asc
ncols         720
nrows         300
xllcorner     -180.0
yllcorner     -60.0
cellsize      0.5
NODATA_value  -9999
[rows 124 to 154 of 300, columns 350 to 419 of 720]
4.21056E-5 3.8619E-5 2.08541E-5 7.01128E-6 7.24466E-6 6.90922E-6 4.12783E-5 4.52122E-5 4.71744E-5 5.15415E-5 1.73445E-5 2.48367E-5 2.34795E-5 2.32856E-5 2.62211E-5 2.98619E-5 3.04685E-5 3.73642E-5 3.75687E-5 3.70927E-5 4.29487E-5 3.74917E-5 3.66935E-5 3.92505E-5 4.65729E-5 5.12148E-5 6.3167E-5 6.95212E-5 8.28069E-5 1.04632E-4 5.5727E-4 7.33146E-4 9.42514E-4 1.1215E-3 9.88348E-4 1.44853E-3 4.62273E-4 4.93026E-4 5.1018E-4 6.04026E-4 1.18544E-3 1.4384E-3 2.02225E-3 2.53509E-3 3.11368E-3 4.14304E-3 4.97875E-3 5.45454E-3 5.54367E-3 4.72037E-3 2.87059E-3 2.63104E-3 1.65925E-3 2.33637E-3 9.41633E-3 1.34253E-3 1.19646E-3 1.12321E-3 1.08566E-3 1.12032E-3 1.21803E-3 1.32031E-3 1.54576E-3 1.79845E-3 2.11912E-3 2.55407E-3 2.82649E-3 2.68771E-3 2.89101E-3 3.07629E-3
3.14227E-5 4.13336E-5 3.98157E-5 2.48833E-5 3.41494E-5 3.6496E-5 3.34822E-5 3.79874E-5 1.32834E-5 4.90542E-5 6.67586E-5 3.95493E-5 1.89581E-5 3.08204E-5 3.4808E-5 3.30624E-5 4.25748E-5 4.80039E-5 5.15856E-5 4.89653E-5 5.64212E-5 5.53589E-5 5.55633E-5 6.34233E-5 6.43106E-5 7.51468E-5 8.33882E-5 3.67401E-4 4.16797E-4 5.60374E-4 6.69263E-4 8.16331E-4 9.77211E-4 8.20114E-4 9.85558E-4 3.6091E-4 3.77503E-4 3.79696E-4 3.73829E-4 4.07653E-4 9.46051E-4 1.2195E-3 1.7341E-3 2.09578E-3 2.42868E-3 3.21652E-3 3.37313E-3 3.80458E-3 3.85391E-3 2.02067E-3 1.84766E-3 2.68934E-3 2.33416E-3 2.14761E-3 1.28307E-3 1.17545E-3 1.08906E-3 1.02903E-3 1.00382E-3 1.02742E-3 1.11991E-3 1.19175E-3 1.43061E-3 1.6618E-3 1.94139E-3 2.18303E-3 2.37019E-3 2.49126E-3 2.62392E-3 2.93292E-3
5.10838E-5 3.23837E-5 3.35941E-5 3.91145E-5 4.09412E-5 4.73395E-5 5.45684E-5 4.80272E-5 5.87129E-5 5.71802E-5 7.69703E-5 1.55599E-4 6.36035E-5 3.36434E-5 4.66534E-5 5.49325E-5 6.37686E-5 6.99244E-5 7.01002E-5 8.0503E-5 8.72662E-5 9.43525E-5 9.10386E-5 9.75261E-5 9.46776E-5 1.07872E-4 1.08841E-4 1.34265E-4 1.41038E-4 6.99555E-4 7.98343E-4 9.64612E-4 1.04558E-3 9.20337E-4 3.22465E-4 3.22029E-4 3.46197E-4 3.36555E-4 3.40794E-4 4.4234E-4 5.45968E-4 6.78037E-4 1.40251E-3 1.72695E-3 1.77138E-3 2.56186E-3 3.03174E-3 3.1745E-3 3.12271E-3 2.99915E-3 2.90286E-3 2.4729E-3 2.2973E-3 1.93726E-3 1.15272E-3 1.07657E-3 1.00763E-3 9.26708E-4 9.51935E-4 9.90993E-4 1.0393E-3 1.19082E-3 1.22215E-3 1.34947E-3 1.61899E-3 2.1115E-3 2.08047E-3 2.13894E-3 2.18482E-3 2.44837E-3
1.47366E-4 1.61145E-4 1.50948E-4 5.76983E-5 6.33393E-5 7.25231E-5 8.57637E-5 9.69099E-5 1.03526E-4 1.38936E-4 2.15369E-4 2.72859E-4 9.85055E-4 5.65976E-5 5.88746E-5 8.21293E-5 9.34215E-5 1.01055E-4 1.15369E-4 1.27933E-4 1.32159E-4 1.43494E-4 1.41681E-4 1.53385E-4 1.69881E-4 1.76608E-4 1.6786E-4 1.77666E-4 2.07689E-4 2.5311E-4 2.68898E-4 1.13352E-3 2.80912E-4 3.1233E-4 1.25942E-3 3.44523E-4 3.45118E-4 3.64048E-4 4.02507E-4 4.1999E-4 5.27947E-4 1.08443E-3 1.33734E-3 1.58377E-3 1.94782E-3 2.30105E-3 2.692E-3 2.91876E-3 2.85453E-3 2.76342E-3 2.51438E-3 2.31102E-3 2.06656E-3 1.76897E-3 1.15668E-3 9.99447E-4 9.58916E-4 9.30571E-4 9.40787E-4 9.41966E-4 9.9371E-4 1.08237E-3 1.1822E-3 1.22234E-3 1.43136E-3 1.65766E-3 1.83656E-3 1.85198E-3 1.95014E-3 2.24249E-3
1.98519E-4 1.91618E-4 2.31137E-4 2.35079E-4 9.75503E-5 9.41812E-5 1.15656E-4 1.38228E-4 1.66437E-4 2.19799E-4 9.10087E-4 1.10918E-3 7.7397E-5 8.0389E-5 1.02597E-4 1.1611E-4 1.30445E-4 1.51841E-4 1.75342E-4 2.08938E-4 2.07756E-4 2.43018E-4 2.52221E-4 2.71928E-4 9.0843E-4 2.89511E-4 3.09665E-4 2.78984E-4 3.15107E-4 3.44064E-4 3.44392E-4 3.00074E-4 3.19513E-4 1.42205E-3 3.57159E-4 3.745E-4 3.6512E-4 1.39831E-3 4.2343E-4 4.59637E-4 1.73761E-3 2.12262E-3 1.2688E-3 2.83166E-3 3.30489E-3 3.92184E-3 4.18249E-3 2.49536E-3 2.42981E-3 2.46836E-3 2.30512E-3 2.10888E-3 1.95033E-3 1.69754E-3 1.06306E-3 9.8767E-4 9.31467E-4 9.05065E-4 8.95082E-4 9.59583E-4 1.00037E-3 1.04523E-3 1.13893E-3 1.2384E-3 1.36305E-3 1.405E-3 1.46519E-3 1.50455E-3 1.60017E-3 1.75913E-3
3.15985E-4 3.00561E-4 3.22363E-4 3.82084E-4 3.94524E-4 9.90774E-4 1.2795E-3 1.49908E-3 1.83532E-3 1.96374E-3 2.13148E-3 2.58374E-3 3.01305E-3 3.66645E-3 3.92501E-3 3.99242E-3 4.38291E-3 4.35249E-3 2.74066E-4 3.04772E-4 3.47865E-4 3.61304E-4 4.20262E-4 4.31801E-4 4.72628E-4 4.62982E-4 5.39406E-4 5.35713E-4 5.29014E-4 5.07117E-4 3.90015E-4 4.08401E-4 7.5102E-4 1.60403E-3 4.4431E-4 4.00429E-4 4.01623E-4 4.14481E-4 1.70323E-3 1.95188E-3 2.0983E-3 2.10399E-3 2.75903E-3 3.16514E-3 3.4332E-3 3.93895E-3 1.43655E-3 1.55216E-3 2.32999E-3 2.25336E-3 2.25493E-3 2.09685E-3 1.91411E-3 6.70821E-3 1.0534E-3 9.80856E-4 9.40606E-4 8.94776E-4 9.17868E-4 9.35677E-4 9.88497E-4 1.04508E-3 1.05352E-3 1.16115E-3 1.2578E-3 1.2778E-3 1.30455E-3 1.32197E-3 1.40485E-3 1.55174E-3
3.86259E-4 4.11542E-4 4.01246E-4 9.45039E-4 9.91576E-4 1.17299E-3 1.38134E-3 1.62999E-3 1.82822E-3 2.2347E-3 1.90545E-3 3.50964E-3 3.51039E-3 3.79217E-3 4.44436E-3 4.29696E-3 5.16863E-3 5.95812E-3 6.28614E-3 6.44868E-3 4.31566E-3 4.65208E-3 4.85405E-3 5.19234E-3 2.30028E-3 7.18671E-4 6.65991E-4 6.71942E-4 1.3499E-3 1.20029E-3 1.0234E-3 9.22551E-4 8.40418E-4 1.89694E-3 4.83815E-4 4.69704E-4 1.6999E-3 1.6996E-3 1.92354E-3 2.03067E-3 2.11647E-3 2.3674E-3 2.79825E-3 3.36742E-3 3.55698E-3 3.9191E-3 1.37878E-3 1.45835E-3 1.45894E-3 8.49164E-3 7.7859E-3 7.36157E-3 1.22533E-3 1.16034E-3 1.08184E-3 9.87269E-4 9.62928E-4 9.53284E-4 9.52471E-4 1.01211E-3 1.00458E-3 1.05646E-3 1.10894E-3 1.09935E-3 1.21372E-3 1.23901E-3 1.29927E-3 1.29879E-3 1.37537E-3 1.46791E-3
4.24054E-4 4.30219E-4 9.3401E-4 9.64701E-4 1.36207E-3 1.53567E-3 1.45206E-3 1.40462E-3 1.64777E-3 1.96237E-3 3.42311E-3 3.79608E-3 3.84799E-3 4.14687E-3 4.57232E-3 4.78915E-3 5.46099E-3 6.9659E-3 8.07203E-3 8.36234E-3 1.03539E-2 6.48499E-3 6.64047E-3 3.14771E-3 3.26041E-3 3.32784E-3 3.35137E-3 1.61739E-3 1.56473E-3 1.43379E-3 1.43731E-3 8.01242E-4 1.0728E-3 2.38661E-3 9.7119E-4 9.50826E-4 1.97834E-3 2.10259E-3 2.14794E-3 2.32089E-3 2.45085E-3 2.60887E-3 2.91376E-3 3.33916E-3 3.48618E-3 4.08319E-3 1.402E-3 1.41379E-3 1.54374E-3 1.59357E-3 1.55527E-3 1.39889E-3 1.35798E-3 1.28074E-3 1.24504E-3 1.09137E-3 1.03177E-3 1.01097E-3 1.04811E-3 1.04515E-3 1.10069E-3 1.07941E-3 1.10467E-3 1.11771E-3 1.23972E-3 1.25144E-3 1.23272E-3 1.32879E-3 1.3665E-3 1.4261E-3
7.46303E-4 9.76043E-4 9.91449E-4 1.06958E-3 1.18914E-3 1.39797E-3 1.56807E-3 1.44343E-3 3.20209E-3 3.80606E-3 3.68389E-3 3.83692E-3 4.0769E-3 4.50836E-3 4.85204E-3 5.59665E-3 6.90558E-3 8.24493E-3 9.13022E-3 1.20025E-2 1.34855E-2 1.34163E-2 8.84232E-3 8.59024E-3 8.62272E-3 4.29942E-3 1.17133E-3 1.98325E-3 1.93574E-3 1.7786E-3 1.54515E-3 1.34499E-3 1.36241E-3 2.67757E-3 1.12564E-3 2.21719E-3 2.34534E-3 2.45794E-3 2.42296E-3 2.41864E-3 2.68442E-3 2.51194E-3 2.97059E-3 3.52036E-3 3.76716E-3 4.03152E-3 1.4002E-2 1.51551E-3 1.48096E-2 2.53254E-3 1.66175E-3 1.59231E-3 1.49435E-3 1.47463E-3 1.35644E-3 1.27027E-3 1.17299E-3 1.15082E-3 1.16963E-3 1.26432E-3 1.10962E-3 1.16012E-2 1.15389E-3 1.33661E-2 1.24235E-3 1.319E-3 1.35328E-3 1.3573E-3 1.3625E-3 1.49298E-3
9.58547E-4 9.49524E-4 1.02354E-3 1.13994E-3 2.31956E-3 2.87499E-3 3.0375E-3 3.22402E-3 3.52873E-3 3.76491E-3 3.72697E-3 3.64737E-3 4.20338E-3 3.64832E-3 5.07167E-3 4.03513E-3 6.43615E-3 7.36557E-3 9.38194E-3 1.48355E-2 1.81394E-2 1.50412E-2 1.71714E-2 1.9006E-2 1.04984E-2 9.78522E-3 9.98639E-3 1.70697E-2 8.83235E-3 8.07766E-3 1.76795E-3 1.75102E-3 5.69148E-3 1.22832E-3 9.21838E-3 2.2506E-3 8.25892E-3 7.69802E-3 8.0011E-3 8.38955E-3 6.22184E-3 7.36543E-3 7.72316E-3 3.83889E-3 4.18317E-3 4.32927E-3 4.74799E-3 4.81181E-3 1.55494E-2 1.61993E-2 1.77572E-3 1.78989E-3 1.7643E-3 1.72656E-3 1.64278E-3 1.51303E-3 1.52352E-3 1.42671E-3 1.39108E-3 1.43418E-3 1.43361E-2 1.38558E-2 1.05347E-2 1.48112E-2 1.41561E-2 1.39213E-3 1.44465E-3 1.43624E-3 1.42895E-3 1.56947E-3
2.39047E-3 1.25246E-3 2.45056E-3 2.80617E-3 3.15739E-3 2.84365E-3 3.25262E-3 3.50478E-3 3.61074E-3 3.51943E-3 3.48584E-3 3.01115E-3 3.29516E-3 2.52394E-3 2.69211E-3 3.65451E-3 4.80044E-3 6.3201E-3 8.17751E-3 1.49505E-2 2.15715E-2 2.21193E-2 2.00222E-2 1.68904E-2 2.05074E-2 1.95554E-2 1.84981E-2 1.86886E-2 9.78998E-3 8.91699E-3 1.99439E-3 1.84352E-3 1.45843E-3 1.19582E-2 1.07147E-2 8.79636E-3 6.30732E-3 6.94785E-3 6.12119E-3 6.68863E-3 9.23595E-3 7.33073E-3 7.86034E-3 9.30676E-3 1.19869E-2 5.0313E-3 5.19418E-3 1.42718E-2 4.73697E-3 1.85925E-2 1.89218E-2 1.97349E-2 1.85968E-2 2.14922E-3 1.93837E-3 1.95579E-3 1.89023E-3 1.78807E-3 1.73622E-2 1.60746E-2 1.62257E-2 1.51059E-2 1.46061E-2 1.65871E-2 1.66756E-2 1.68297E-2 1.4936E-3 1.53406E-3 1.61435E-3 1.74703E-3
2.84576E-3 3.22579E-3 3.16129E-3 3.07812E-3 3.57253E-3 3.05861E-3 3.1228E-3 3.09948E-3 3.57787E-3 6.78628E-3 6.78506E-3 6.26059E-3 5.97349E-3 6.31021E-3 6.23033E-3 6.42925E-3 2.36602E-3 3.08334E-3 4.22517E-3 1.51956E-2 1.86683E-2 2.08512E-2 1.64459E-2 1.67916E-2 2.0864E-2 2.22921E-2 2.05106E-2 1.30675E-2 1.56949E-2 1.34383E-2 1.34482E-2 1.28409E-2 1.23423E-2 1.12207E-2 8.50668E-3 8.00405E-3 5.52128E-3 7.86041E-3 5.87057E-3 5.57004E-3 2.83238E-3 8.6946E-3 1.11815E-2 9.7806E-3 1.02595E-2 1.42064E-2 1.46695E-2 1.45701E-2 1.61352E-2 2.14991E-2 2.26351E-2 2.26406E-2 2.27981E-2 2.32536E-2 2.23866E-2 2.21366E-2 2.17611E-2 2.07663E-2 2.02769E-2 1.85866E-2 1.60737E-2 1.58241E-2 1.75767E-2 1.77684E-2 1.75759E-2 1.77635E-2 1.78033E-2 1.88142E-2 1.93621E-2 1.87594E-2
2.99778E-3 2.98074E-3 3.30013E-3 3.37412E-3 3.56018E-3 3.12031E-3 2.91691E-3 6.28318E-3 6.16711E-3 5.4577E-3 5.52575E-3 4.89905E-3 4.16201E-3 4.28079E-3 3.41E-3 3.95566E-3 4.05682E-3 5.62937E-3 7.32556E-3 1.16985E-2 1.52042E-2 1.72274E-2 1.28598E-2 1.51053E-2 1.91436E-2 2.15682E-2 1.94143E-2 1.23809E-2 1.20535E-2 1.23272E-2 1.39581E-2 1.40913E-2 1.31274E-2 1.00134E-2 6.66756E-3 8.70743E-3 6.5841E-3 6.38723E-3 4.35909E-3 3.98884E-3 8.56844E-3 7.77376E-3 7.15608E-3 1.26221E-2 1.05059E-2 9.23765E-3 9.75498E-3 1.76287E-2 1.53553E-2 2.07536E-2 2.72419E-2 2.72164E-2 2.88067E-2 2.80478E-2 2.79111E-2 2.69253E-2 2.64096E-2 2.43445E-2 2.46649E-2 2.04711E-2 1.93142E-2 1.81576E-2 1.72913E-2 1.73881E-2 1.75149E-2 1.94947E-2 2.02099E-2 2.02337E-2 2.12817E-2 2.17788E-2
2.99919E-3 3.28474E-3 3.28564E-3 2.77006E-3 2.53853E-3 5.05785E-3 5.07041E-3 5.48259E-3 4.94704E-3 7.81034E-3 8.21994E-3 7.54554E-3 6.53438E-3 6.1404E-3 4.82239E-3 4.26552E-3 1.72947E-3 2.565E-3 4.43945E-3 7.62311E-3 1.00222E-2 1.48764E-2 9.34813E-3 1.20035E-2 1.6812E-2 1.83007E-2 1.9908E-2 1.81844E-2 9.71335E-3 1.24703E-2 1.22418E-2 1.2598E-2 1.15329E-2 1.12223E-2 7.69888E-3 7.18687E-3 9.76562E-3 4.55694E-3 2.80513E-3 9.06383E-3 6.61501E-3 5.17624E-3 8.24535E-3 1.01257E-2 9.25941E-3 1.26279E-2 1.58718E-2 1.82573E-2 1.24068E-2 2.56923E-2 2.62618E-2 2.73935E-2 3.5156E-2 3.41743E-2 3.39526E-2 2.90524E-2 2.79538E-2 2.53487E-2 2.45228E-2 2.37102E-2 1.50811E-2 1.46695E-2 1.00906E-2 1.34582E-2 1.57307E-2 1.95763E-2 1.9025E-2 1.90566E-2 1.99502E-2 2.35562E-2
5.06892E-3 4.17303E-3 4.27593E-3 3.93211E-3 4.08193E-3 4.29503E-3 4.21651E-3 3.95751E-3 7.11043E-3 6.57725E-3 9.77603E-3 9.96613E-3 8.82498E-3 6.44732E-3 2.311E-3 1.6721E-3 2.51797E-3 3.21573E-3 6.16983E-3 3.88783E-3 6.61823E-3 1.05059E-2 6.42676E-3 8.21879E-3 1.47848E-2 1.62445E-2 1.63429E-2 1.68818E-2 1.91204E-2 1.7491E-2 9.20979E-3 8.52601E-3 9.37173E-3 8.68642E-3 8.40209E-3 4.96949E-3 3.01974E-3 9.65852E-3 8.90953E-3 7.21028E-3 3.59392E-3 6.03178E-3 3.41941E-3 8.58372E-3 1.21848E-2 1.4572E-2 1.67334E-2 2.02996E-2 1.46186E-2 2.51109E-2 3.40633E-2 3.50065E-2 3.85288E-2 3.69522E-2 3.6987E-2 3.67661E-2 3.39938E-2 2.16154E-2 2.09854E-2 1.41367E-2 1.35466E-2 8.26718E-3 1.22659E-2 1.04409E-2 1.05383E-2 1.13421E-2 1.05586E-2 1.52719E-2 1.56281E-2 1.91364E-2
4.43377E-3 3.65912E-3 3.34944E-3 3.36616E-3 3.55801E-3 3.47618E-3 6.12229E-3 6.37657E-3 6.30574E-3 9.21051E-3 8.13018E-3 1.15443E-2 9.62994E-3 7.57598E-3 2.40797E-3 1.56111E-3 2.19752E-3 1.48156E-3 3.20736E-3 5.36464E-3 8.75443E-3 6.51042E-3 1.10406E-2 1.38186E-2 1.52838E-2 2.02869E-2 2.01128E-2 1.68598E-2 1.44037E-2 1.63181E-2 1.85536E-2 6.86835E-3 6.68649E-3 6.37286E-3 5.78188E-3 3.35666E-3 1.76953E-3 9.14495E-3 7.76767E-3 3.85549E-3 2.11687E-3 3.96896E-3 5.52343E-3 4.209E-3 6.85966E-3 6.93037E-3 1.95789E-2 2.26569E-2 1.21885E-2 2.22994E-2 3.36972E-2 4.48835E-2 4.65783E-2 4.71148E-2 3.84822E-2 3.70461E-2 2.27989E-2 1.3853E-2 1.33324E-2 6.53574E-3 6.20549E-3 5.73137E-3 5.12756E-3 2.82042E-3 2.64027E-3 3.82873E-3 3.72483E-3 8.17453E-3 1.23361E-2 1.24534E-2
3.33235E-3 2.89966E-3 2.46906E-3 2.44561E-3 4.71819E-3 5.56435E-3 4.95902E-3 9.04135E-3 8.06229E-3 1.10414E-2 9.85721E-3 1.36703E-2 1.11394E-2 5.27952E-3 3.57825E-3 2.24858E-3 1.23769E-3 2.55445E-3 3.92216E-3 6.6321E-3 4.87308E-3 9.32566E-3 5.98903E-3 9.953E-3 1.5187E-2 1.57013E-2 1.56088E-2 1.24903E-2 1.73628E-2 1.26889E-2 1.56665E-2 1.7332E-2 1.55218E-2 4.34117E-3 3.94809E-3 1.20298E-2 9.78049E-3 8.00876E-3 5.41501E-3 3.11226E-3 6.53166E-3 4.85551E-3 4.17438E-3 6.15967E-3 9.79634E-3 4.34525E-3 7.24476E-3 2.13252E-2 9.05862E-3 1.63308E-2 3.09638E-2 4.68873E-2 4.82889E-2 4.93267E-2 3.58742E-2 1.82574E-2 1.04907E-2 1.00052E-2 2.77253E-2 2.24237E-2 2.00296E-2 1.86637E-2 1.45106E-2 1.37469E-2 1.19879E-2 1.46439E-2 1.39838E-2 1.36194E-2 2.53647E-3 4.30801E-3
5.08525E-3 3.92591E-3 3.15557E-3 3.43712E-3 3.92605E-3 7.04355E-3 7.12325E-3 1.06415E-2 1.02515E-2 1.37082E-2 1.24939E-2 1.51405E-2 1.24135E-2 1.01894E-2 4.95107E-3 4.83331E-3 2.71341E-3 3.72288E-3 5.11218E-3 7.7465E-3 5.63611E-3 8.95334E-3 7.48709E-3 1.21471E-2 8.4618E-3 1.91857E-2 1.70477E-2 1.67416E-2 1.35775E-2 1.83882E-2 1.12621E-2 1.3771E-2 1.68469E-2 1.52874E-2 1.42608E-2 1.09101E-2 8.92026E-3 7.70398E-3 4.75015E-3 1.87265E-3 5.92676E-3 5.20148E-3 6.41347E-3 7.90575E-3 3.71837E-3 7.66643E-3 1.34958E-2 2.10663E-3 5.93394E-3 1.25543E-2 1.39729E-2 2.61463E-2 4.2173E-2 4.78485E-2 1.55868E-2 3.79283E-2 2.92878E-2 2.07091E-2 1.88167E-2 1.68223E-2 1.54322E-2 1.13416E-2 7.62701E-3 5.51412E-3 3.60862E-3 6.77092E-3 6.42668E-3 8.02551E-3 9.23504E-3 1.24446E-2
6.37579E-3 5.33699E-3 4.14539E-3 4.24246E-3 5.08504E-3 8.34251E-3 8.75332E-3 1.24879E-2 1.19252E-2 1.48541E-2 1.4632E-2 1.72206E-2 1.42928E-2 1.21239E-2 1.02795E-2 6.54999E-3 6.92394E-3 4.69762E-3 6.17445E-3 7.51121E-3 5.97873E-3 8.62844E-3 7.82335E-3 1.33095E-2 1.53985E-2 1.50462E-2 1.51601E-2 1.42099E-2 1.34031E-2 1.36014E-2 6.79186E-3 1.06626E-2 1.28607E-2 1.23162E-2 1.13362E-2 1.04381E-2 8.12099E-3 5.18064E-3 2.65232E-3 7.58126E-3 5.72536E-3 6.30119E-3 6.63284E-3 9.81567E-3 1.54779E-2 7.37388E-3 1.44651E-2 2.24255E-2 3.09692E-2 3.73212E-2 4.04417E-3 4.59795E-2 5.01425E-3 5.75935E-3 3.5128E-2 2.60402E-2 3.2248E-2 2.90251E-2 3.01052E-2 8.93014E-3 2.16404E-2 1.76482E-2 1.35602E-2 1.09786E-2 8.00595E-3 9.54656E-3 9.33598E-3 8.93469E-3 1.85379E-3 2.50433E-3
7.60864E-3 6.26947E-3 5.87932E-3 7.88004E-3 8.9125E-3 9.49321E-3 1.39093E-2 1.55248E-2 1.95919E-2 1.95742E-2 2.12454E-2 1.91612E-2 1.94134E-2 1.65199E-2 1.2571E-2 1.19337E-2 8.1195E-3 8.92257E-3 9.12681E-3 9.6043E-3 8.18074E-3 1.00348E-2 9.74501E-3 1.07299E-2 1.07253E-2 1.15857E-2 1.5278E-2 1.28866E-2 9.59051E-3 9.10357E-3 1.32931E-2 5.91659E-3 8.49496E-3 8.73745E-3 8.6357E-3 8.17864E-3 3.97755E-3 9.26374E-3 7.24023E-3 5.12575E-3 4.24505E-3 4.88723E-3 6.3822E-3 8.67792E-3 1.3501E-2 6.50385E-3 1.3302E-2 1.97301E-2 2.02982E-2 1.77618E-2 1.76452E-2 1.05241E-2 3.93281E-2 3.72619E-2 4.05321E-2 3.46489E-2 3.51458E-2 2.61094E-2 1.57526E-2 1.36271E-2 1.04671E-2 7.73079E-3 5.62485E-3 4.29487E-3 8.16086E-3 9.34355E-3 2.84527E-3 3.66079E-3 3.15035E-3 2.39503E-3
1.12762E-2 1.02749E-2 9.07771E-3 7.99829E-3 1.21533E-2 1.3934E-2 2.1551E-2 2.34641E-2 2.30456E-2 2.85822E-2 2.61913E-2 2.61916E-2 2.17783E-2 1.85634E-2 1.76967E-2 1.58633E-2 1.16198E-2 1.14055E-2 1.10327E-2 1.09104E-2 1.0787E-2 1.24428E-2 1.24512E-2 1.34356E-2 1.2145E-2 1.65369E-2 1.54966E-2 2.14328E-2 1.31494E-2 1.47643E-2 9.16377E-3 1.37695E-2 1.59945E-2 1.57614E-2 1.56372E-2 1.50878E-2 9.04508E-3 6.38456E-3 4.55041E-3 1.02681E-2 9.7515E-3 1.2101E-2 4.82026E-3 6.84516E-3 1.37488E-2 1.68879E-2 7.28975E-3 1.49702E-2 1.31496E-2 3.09405E-2 2.09307E-2 4.23804E-2 3.46399E-2 2.75363E-2 2.17539E-2 3.06155E-2 3.69174E-2 3.50165E-2 1.9698E-2 1.62972E-2 1.20774E-2 9.47076E-3 1.47165E-2 1.35271E-2 4.74816E-3 4.98585E-3 4.8204E-3 4.1496E-3 4.44465E-3 3.12369E-3
1.94783E-2 1.75033E-2 1.45476E-2 1.63823E-2 1.78443E-2 2.24874E-2 2.51535E-2 2.58902E-2 2.88153E-2 3.59921E-2 3.07988E-2 3.26779E-2 2.77163E-2 2.35462E-2 2.06406E-2 1.8372E-2 1.64467E-2 1.25252E-2 1.21198E-2 1.39002E-2 1.27288E-2 1.23482E-2 1.33975E-2 1.42719E-2 1.05999E-2 1.27547E-2 1.36265E-2 1.55788E-2 1.92072E-2 1.76294E-2 1.34246E-2 1.97E-2 9.40535E-3 1.13157E-2 1.13657E-2 9.33163E-3 5.89087E-3 1.13203E-2 8.95765E-3 6.97991E-3 7.39418E-3 7.96106E-3 9.60298E-3 1.51388E-2 9.01425E-3 1.83334E-2 2.82489E-2 3.11951E-2 2.51163E-2 1.3076E-2 2.13999E-2 2.83143E-2 2.47565E-2 2.82025E-2 4.42522E-2 4.05045E-2 4.17572E-2 3.52231E-2 2.10222E-2 1.5109E-2 1.09467E-2 7.56387E-3 1.3457E-2 1.33038E-2 1.23156E-2 5.84404E-3 6.18269E-3 5.16981E-3 4.93168E-3 8.64146E-3
2.56119E-2 2.81493E-2 2.44738E-2 2.29176E-2 2.29218E-2 2.81324E-2 3.29918E-2 2.97917E-2 3.39807E-2 3.62687E-2 3.22569E-2 3.84325E-2 3.45772E-2 2.76347E-2 2.25265E-2 1.98273E-2 1.82445E-2 1.44141E-2 1.62973E-2 1.47306E-2 1.49971E-2 1.48771E-2 1.64119E-2 1.5948E-2 1.42101E-2 1.51438E-2 1.25798E-2 1.61605E-2 1.57625E-2 1.41836E-2 1.5417E-2 2.24374E-2 1.44987E-2 1.71103E-2 1.79339E-2 1.28685E-2 1.02542E-2 6.43141E-3 1.13734E-2 8.53544E-3 7.92403E-3 9.6377E-3 1.21655E-2 1.84543E-2 1.64268E-2 3.01022E-2 1.8707E-2 1.67716E-2 2.7722E-2 3.44217E-2 1.96694E-2 2.46234E-2 3.53254E-2 3.30999E-2 3.26914E-2 3.77974E-2 3.98162E-2 3.57209E-2 2.84891E-2 2.14351E-2 1.57328E-2 1.07197E-2 9.47889E-3 9.3219E-3 8.96481E-3 1.02753E-2 1.26284E-2 1.40316E-2 1.03827E-2 1.37076E-2
2.82722E-2 3.21504E-2 2.91342E-2 2.73677E-2 2.92936E-2 3.18014E-2 3.25055E-2 3.41642E-2 3.55151E-2 3.19667E-2 4.0984E-2 5.41201E-2 4.72322E-2 3.35957E-2 2.67901E-2 2.37899E-2 2.12239E-2 2.00675E-2 1.8285E-2 1.81264E-2 1.86377E-2 1.8349E-2 1.73754E-2 1.88076E-2 1.86641E-2 1.64349E-2 1.94111E-2 1.69519E-2 1.33799E-2 1.83115E-2 2.42133E-2 2.43829E-2 1.78594E-2 1.75061E-2 1.97643E-2 1.49096E-2 1.28144E-2 7.75559E-3 1.02983E-2 7.29006E-3 1.21491E-2 1.29713E-2 1.79925E-2 1.44275E-2 2.51712E-2 2.96564E-2 2.74807E-2 1.9762E-2 2.3928E-2 2.44502E-2 2.51275E-2 3.16652E-2 3.81139E-2 4.00839E-2 4.78224E-2 4.5218E-2 4.32328E-2 3.16743E-2 2.52702E-2 1.97982E-2 1.32335E-2 1.18942E-2 1.40596E-2 1.15122E-2 1.12791E-2 1.48068E-2 1.90981E-2 1.26084E-2 1.41821E-2 1.36841E-2
3.67202E-2 3.79242E-2 3.56267E-2 3.60324E-2 3.97119E-2 3.85773E-2 3.85473E-2 3.94596E-2 4.47241E-2 5.37087E-2 9.24755E-2 1.07098E-1 6.88851E-2 4.3817E-2 2.9454E-2 2.85348E-2 2.52545E-2 2.62511E-2 2.33456E-2 2.51553E-2 2.55624E-2 2.62482E-2 2.53619E-2 2.52891E-2 1.93062E-2 1.83209E-2 1.92436E-2 2.00708E-2 1.81418E-2 1.84105E-2 1.65818E-2 1.94122E-2 1.82879E-2 1.52907E-2 1.61054E-2 1.54175E-2 1.35206E-2 1.23723E-2 1.21484E-2 1.43597E-2 1.17944E-2 1.20625E-2 1.75187E-2 1.56923E-2 2.40688E-2 2.57335E-2 2.64571E-2 3.41748E-2 3.47384E-2 3.57619E-2 3.59014E-2 3.93493E-2 3.0449E-2 3.64525E-2 3.96344E-2 4.18094E-2 3.52174E-2 3.08751E-2 1.88754E-2 1.87735E-2 1.5963E-2 1.71227E-2 1.49997E-2 1.66729E-2 1.89109E-2 1.63596E-2 1.60627E-2 1.84173E-2 2.52871E-2 1.87649E-2
4.19011E-2 4.36126E-2 4.47739E-2 4.67565E-2 4.96108E-2 4.36724E-2 4.36355E-2 4.57628E-2 4.67678E-2 6.08638E-2 8.9017E-2 1.02347E-1 6.19967E-2 4.40383E-2 3.61077E-2 3.68619E-2 3.2608E-2 2.80039E-2 3.22831E-2 3.03822E-2 3.28827E-2 2.97277E-2 3.12155E-2 3.02132E-2 2.88544E-2 2.30019E-2 2.41683E-2 2.39033E-2 2.36602E-2 2.15949E-2 2.42909E-2 2.55806E-2 1.70404E-2 1.64177E-2 1.66198E-2 1.57787E-2 1.55389E-2 1.62036E-2 1.46912E-2 1.44518E-2 1.75122E-2 1.98933E-2 1.82932E-2 1.88423E-2 2.59386E-2 2.63041E-2 3.03421E-2 2.89385E-2 3.18151E-2 3.3273E-2 3.3464E-2 3.58212E-2 4.60507E-2 3.48159E-2 3.49855E-2 3.509E-2 3.02082E-2 2.53961E-2 1.94577E-2 1.79259E-2 1.8192E-2 1.65769E-2 1.64646E-2 2.08033E-2 1.87788E-2 2.41801E-2 2.6457E-2 2.41477E-2 2.94204E-2 3.2299E-2
3.72523E-2 4.1569E-2 5.20955E-2 5.64152E-2 5.57146E-2 5.16744E-2 5.27591E-2 5.51639E-2 5.3025E-2 4.78869E-2 5.50616E-2 6.79112E-2 5.92898E-2 5.54516E-2 4.9262E-2 5.43388E-2 4.74367E-2 3.2327E-2 3.54741E-2 3.86086E-2 3.753E-2 3.91591E-2 3.50804E-2 3.06096E-2 3.25778E-2 2.74017E-2 2.64738E-2 2.94103E-2 2.63131E-2 2.53622E-2 2.92211E-2 2.47217E-2 2.33557E-2 1.93453E-2 1.84122E-2 1.78096E-2 1.83992E-2 1.69477E-2 1.84963E-2 1.75376E-2 1.86833E-2 2.03083E-2 2.13352E-2 2.26255E-2 2.28769E-2 2.62968E-2 2.73543E-2 3.30345E-2 3.75303E-2 4.07808E-2 4.00235E-2 4.15257E-2 4.31181E-2 4.6562E-2 4.02593E-2 3.83279E-2 3.29573E-2 2.77543E-2 2.33598E-2 1.65806E-2 1.72828E-2 1.79701E-2 1.63453E-2 2.10659E-2 2.53085E-2 2.6538E-2 2.99959E-2 3.66532E-2 4.14991E-2 3.33084E-2
2.78438E-2 4.38959E-2 5.22829E-2 5.7107E-2 6.06007E-2 6.46346E-2 6.81051E-2 7.45532E-2 6.27792E-2 4.65372E-2 4.59498E-2 5.54323E-2 5.69301E-2 5.25004E-2 5.11389E-2 6.02896E-2 5.27428E-2 4.05005E-2 4.62406E-2 4.98623E-2 5.45352E-2 5.0648E-2 4.2372E-2 3.30438E-2 3.09613E-2 3.56718E-2 3.20364E-2 2.89138E-2 3.08127E-2 3.21996E-2 3.15359E-2 3.06842E-2 2.06389E-2 1.93754E-2 2.05143E-2 1.71658E-2 1.59079E-2 2.02265E-2 1.87764E-2 2.11028E-2 1.99082E-2 2.51262E-2 2.38295E-2 2.49405E-2 2.75443E-2 2.69142E-2 2.77895E-2 3.33563E-2 3.76709E-2 4.13094E-2 4.62305E-2 4.85447E-2 5.22203E-2 5.49072E-2 5.44884E-2 4.84485E-2 4.13912E-2 3.46113E-2 2.739E-2 2.21294E-2 1.9711E-2 2.18888E-2 2.10457E-2 2.28575E-2 2.95747E-2 3.19761E-2 3.58781E-2 4.65911E-2 4.99636E-2 4.45216E-2
4.72068E-2 5.33942E-2 6.23786E-2 7.28849E-2 7.70686E-2 7.59047E-2 8.46543E-2 8.84848E-2 7.92179E-2 6.33077E-2 6.05154E-2 6.36075E-2 5.39417E-2 4.52966E-2 4.68154E-2 5.23345E-2 5.43278E-2 5.64746E-2 5.9218E-2 6.27545E-2 6.96815E-2 5.75711E-2 4.51072E-2 3.74663E-2 3.59126E-2 3.55009E-2 3.43781E-2 3.0623E-2 3.31448E-2 3.35982E-2 3.40809E-2 2.95835E-2 2.45961E-2 2.12699E-2 1.88212E-2 2.09479E-2 2.17738E-2 2.53693E-2 2.27992E-2 2.32209E-2 2.29676E-2 2.66321E-2 2.98865E-2 2.80886E-2 2.75193E-2 2.51394E-2 2.54175E-2 3.34484E-2 3.99493E-2 4.53419E-2 5.03329E-2 5.29845E-2 6.2969E-2 6.59966E-2 6.47633E-2 5.94013E-2 4.72246E-2 4.74584E-2 4.37806E-2 3.24402E-2 2.13797E-2 2.39729E-2 2.65621E-2 3.19079E-2 3.92357E-2 4.31E-2 4.88664E-2 5.30236E-2 5.93543E-2 4.66703E-2
7.00936E-2 8.45335E-2 9.06283E-2 1.00156E-1 1.13462E-1 1.19921E-1 1.17625E-1 1.03339E-1 9.81504E-2 9.27999E-2 8.49502E-2 7.85326E-2 7.07098E-2 5.62663E-2 5.38612E-2 5.72514E-2 6.62174E-2 6.66136E-2 7.31696E-2 6.86145E-2 6.16608E-2 5.79684E-2 5.25663E-2 4.14843E-2 3.45407E-2 3.42279E-2 4.07576E-2 2.60327E-2 2.50472E-2 2.91105E-2 3.09519E-2 2.99394E-2 2.80297E-2 2.1334E-2 2.21314E-2 2.31807E-2 3.06474E-2 3.31047E-2 2.85201E-2 3.08164E-2 3.43221E-2 3.41317E-2 3.43071E-2 2.89232E-2 2.58845E-2 2.64868E-2 2.59395E-2 3.42227E-2 4.92313E-2 5.69975E-2 6.36026E-2 6.887E-2 7.34898E-2 7.93143E-2 7.57568E-2 5.93967E-2 5.15263E-2 6.33117E-2 6.81673E-2 5.70972E-2 4.4312E-2 4.04589E-2 4.14326E-2 4.10696E-2 4.63291E-2 5.40077E-2 6.25908E-2 7.29689E-2 7.31368E-2 5.44601E-2
9.42484E-2 1.08169E-1 1.20483E-1 1.25981E-1 1.35547E-1 1.48142E-1 1.22744E-1 1.12337E-1 1.1821E-1 1.19622E-1 1.04445E-1 9.68062E-2 9.02098E-2 8.00716E-2 7.51326E-2 7.78344E-2 8.07896E-2 7.63603E-2 1.03575E-1 9.12212E-2 7.36246E-2 7.16621E-2 6.97614E-2 6.54072E-2 5.08349E-2 4.46675E-2 4.68586E-2 2.86759E-2 2.14054E-2 2.52537E-2 3.04452E-2 3.14051E-2 2.82864E-2 2.82393E-2 2.74513E-2 3.08491E-2 3.42074E-2 4.08153E-2 4.19014E-2 4.23725E-2 3.97589E-2 3.97704E-2 3.8149E-2 3.25613E-2 2.90408E-2 3.30654E-2 3.7818E-2 4.79884E-2 5.85549E-2 7.12766E-2 8.16924E-2 8.86514E-2 8.76152E-2 8.78389E-2 7.85618E-2 5.08362E-2 5.4257E-2 6.99609E-2 8.15223E-2 7.85987E-2 7.11658E-2 5.86679E-2 5.23717E-2 5.63674E-2 6.01705E-2 6.83575E-2 7.87518E-2 8.78923E-2 9.55895E-2 8.93053E-2
