data/sdm/Kinkajou.asc
ncols         720
nrows         300
xllcorner     -180.0
yllcorner     -60.0
cellsize      0.5
NODATA_value  -9999
[rows 186 to 216 of 300, columns 210 to 279 of 720]
5.15006E-1 5.13947E-1 5.17215E-1 5.27499E-1 5.26191E-1 5.26839E-1 5.26174E-1 5.23279E-1 5.30434E-1 5.30032E-1 5.3017E-1 5.27129E-1 5.35711E-1 5.23341E-1 5.35134E-1 5.31758E-1 5.35556E-1 5.39713E-1 5.45243E-1 5.48981E-1 5.58458E-1 5.54181E-1 5.45918E-1 5.38564E-1 5.42683E-1 5.49565E-1 5.42151E-1 5.38718E-1 5.54086E-1 5.46454E-1 5.4033E-1 5.43542E-1 5.5228E-1 5.55972E-1 5.32703E-1 5.39931E-1 5.50034E-1 5.43952E-1 5.5212E-1 5.49418E-1 5.55652E-1 5.52343E-1 5.41985E-1 5.27278E-1 5.31234E-1 5.61305E-1 5.7751E-1 5.77217E-1 6.01115E-1 6.31973E-1 6.50446E-1 6.52689E-1 6.47988E-1 6.33434E-1 6.00798E-1 5.81008E-1 5.84107E-1 5.85819E-1 5.82107E-1 5.77974E-1 5.58955E-1 5.4822E-1 5.32618E-1 5.23549E-1 5.12983E-1 5.01814E-1 4.87389E-1 4.58532E-1 4.86035E-1 4.49884E-1
5.21666E-1 5.17854E-1 5.25251E-1 5.24905E-1 5.34666E-1 5.34921E-1 5.33933E-1 5.33618E-1 5.36901E-1 5.34828E-1 5.39937E-1 5.55713E-1 5.41649E-1 5.41864E-1 5.40854E-1 5.48926E-1 5.49202E-1 5.51307E-1 5.53928E-1 5.62088E-1 5.5928E-1 5.60831E-1 5.50627E-1 5.44561E-1 5.42973E-1 5.43876E-1 5.42059E-1 5.26802E-1 5.35567E-1 5.38788E-1 5.43764E-1 5.40312E-1 5.55144E-1 5.64183E-1 5.45915E-1 5.53484E-1 5.54226E-1 5.58578E-1 5.56187E-1 5.51593E-1 5.59411E-1 5.50817E-1 5.61947E-1 5.46344E-1 5.43076E-1 5.73721E-1 5.8728E-1 5.8035E-1 5.9285E-1 6.21752E-1 6.39884E-1 6.54302E-1 6.4221E-1 6.24976E-1 5.9059E-1 5.73879E-1 5.83666E-1 5.842E-1 5.84683E-1 5.72057E-1 5.53197E-1 5.49054E-1 5.43786E-1 5.20611E-1 5.23253E-1 5.24905E-1 5.12036E-1 4.47206E-1 4.55616E-1 3.99648E-1
5.41438E-1 5.47331E-1 5.35779E-1 5.42842E-1 5.43244E-1 5.4719E-1 5.53968E-1 5.3991E-1 5.51666E-1 5.63941E-1 5.70467E-1 5.78401E-1 5.64193E-1 5.55462E-1 5.51716E-1 5.51912E-1 5.56903E-1 5.61437E-1 5.63475E-1 5.72996E-1 5.76019E-1 5.65958E-1 5.63099E-1 5.54111E-1 5.41191E-1 5.44849E-1 5.42277E-1 5.45979E-1 5.46262E-1 5.47828E-1 5.32889E-1 5.49889E-1 5.61934E-1 5.72087E-1 5.67155E-1 5.69095E-1 5.71223E-1 5.78414E-1 5.7486E-1 5.58541E-1 5.69432E-1 5.61704E-1 5.63204E-1 5.57477E-1 5.59479E-1 5.71935E-1 5.8038E-1 5.95406E-1 5.96E-1 6.34107E-1 6.38667E-1 6.40932E-1 6.4205E-1 6.22943E-1 5.88847E-1 5.89783E-1 5.90436E-1 5.81339E-1 5.75588E-1 5.48351E-1 5.48886E-1 5.18742E-1 5.11886E-1 4.97811E-1 4.88477E-1 4.93158E-1 4.90458E-1 4.47238E-1 4.64885E-1 4.30199E-1
5.72959E-1 5.54919E-1 5.60967E-1 5.72354E-1 5.64746E-1 5.65932E-1 5.60236E-1 5.54995E-1 5.63973E-1 5.73351E-1 5.88717E-1 5.92664E-1 5.78351E-1 5.72425E-1 5.65062E-1 5.60628E-1 5.73373E-1 5.7272E-1 5.80548E-1 5.79055E-1 5.81555E-1 5.73534E-1 5.73078E-1 5.62507E-1 5.53346E-1 5.36137E-1 5.44089E-1 5.62455E-1 5.65299E-1 5.58789E-1 5.49399E-1 5.57942E-1 5.62033E-1 5.76625E-1 5.70177E-1 5.77472E-1 5.8206E-1 5.69035E-1 5.7704E-1 5.73164E-1 5.73831E-1 5.68491E-1 5.72056E-1 5.71473E-1 5.77891E-1 5.88339E-1 5.9197E-1 5.97873E-1 6.11031E-1 6.19811E-1 6.22847E-1 6.33473E-1 6.38535E-1 6.29882E-1 6.05084E-1 5.87859E-1 5.80392E-1 5.71969E-1 5.53309E-1 5.44437E-1 5.32802E-1 5.10023E-1 5.05082E-1 4.76045E-1 4.48645E-1 4.4095E-1 4.48354E-1 4.19577E-1 4.31138E-1 4.1451E-1
5.79656E-1 5.76539E-1 5.7103E-1 5.67364E-1 5.75677E-1 5.67032E-1 5.65906E-1 5.65103E-1 5.75626E-1 5.9079E-1 5.99847E-1 6.02299E-1 5.99635E-1 5.88946E-1 5.7755E-1 5.7691E-1 5.81481E-1 5.83763E-1 5.85844E-1 5.86565E-1 5.90314E-1 5.9228E-1 5.89183E-1 5.84674E-1 5.73958E-1 5.62817E-1 5.59685E-1 5.40728E-1 5.70377E-1 5.73642E-1 5.65849E-1 5.67974E-1 5.75924E-1 5.79466E-1 5.81258E-1 5.74774E-1 5.72389E-1 5.69941E-1 5.76713E-1 5.75939E-1 5.78547E-1 5.79189E-1 5.87204E-1 5.94379E-1 6.05048E-1 6.09097E-1 6.12011E-1 6.06052E-1 6.16329E-1 6.22909E-1 6.17408E-1 6.06453E-1 6.2386E-1 6.25545E-1 6.17085E-1 5.76807E-1 5.69127E-1 5.53103E-1 5.3949E-1 5.09104E-1 5.01405E-1 4.8308E-1 4.83596E-1 4.76377E-1 4.41959E-1 4.38608E-1 4.39117E-1 4.14029E-1 3.85238E-1 3.84336E-1
6.0322E-1 5.84791E-1 5.85249E-1 5.82562E-1 5.73894E-1 5.72786E-1 5.68984E-1 5.79423E-1 5.84925E-1 5.97972E-1 6.03945E-1 6.11997E-1 6.07134E-1 6.01583E-1 5.97108E-1 5.92426E-1 5.95782E-1 5.97819E-1 5.92151E-1 5.90018E-1 6.00251E-1 5.95364E-1 6.0196E-1 5.96084E-1 5.81779E-1 5.85256E-1 5.49E-1 5.47903E-1 5.56639E-1 5.68468E-1 5.75682E-1 5.77591E-1 5.73057E-1 5.74717E-1 5.79325E-1 5.72542E-1 5.763E-1 5.7503E-1 5.80918E-1 5.81661E-1 5.79767E-1 5.87559E-1 5.93105E-1 6.08059E-1 6.24765E-1 6.32006E-1 6.27982E-1 6.21236E-1 6.26529E-1 6.2292E-1 6.10618E-1 5.89783E-1 5.99915E-1 6.17186E-1 6.12979E-1 5.69025E-1 5.73733E-1 5.33197E-1 5.1469E-1 4.75371E-1 4.85609E-1 4.71114E-1 4.58142E-1 4.58743E-1 4.3543E-1 4.56093E-1 4.37474E-1 4.02993E-1 3.89487E-1 3.94516E-1
5.98994E-1 5.9418E-1 5.87932E-1 5.89633E-1 5.84802E-1 5.81898E-1 5.82455E-1 5.84497E-1 5.90388E-1 6.00441E-1 6.13E-1 6.12506E-1 6.14657E-1 6.16971E-1 6.08402E-1 6.06005E-1 6.10106E-1 6.06811E-1 6.08661E-1 6.09552E-1 6.08187E-1 6.15261E-1 6.06009E-1 5.93906E-1 5.92551E-1 5.88208E-1 5.95318E-1 5.73705E-1 5.75737E-1 5.7203E-1 5.78969E-1 5.82996E-1 5.7866E-1 5.81974E-1 5.60874E-1 5.68442E-1 5.63804E-1 5.67597E-1 5.65352E-1 5.80406E-1 5.82821E-1 5.9464E-1 6.00338E-1 6.05613E-1 6.32188E-1 6.4806E-1 6.46868E-1 6.43059E-1 6.37622E-1 6.17009E-1 6.11992E-1 6.06461E-1 5.97866E-1 5.98699E-1 5.93568E-1 5.60644E-1 5.60671E-1 5.45954E-1 5.23693E-1 5.07221E-1 5.25574E-1 4.88551E-1 4.63166E-1 4.53163E-1 4.54026E-1 4.72778E-1 4.5058E-1 4.10061E-1 3.87292E-1 3.82148E-1
5.99221E-1 5.86721E-1 5.8378E-1 5.81464E-1 5.83835E-1 5.76074E-1 5.68897E-1 5.9989E-1 5.98558E-1 6.17474E-1 6.25322E-1 6.11314E-1 6.21166E-1 6.264E-1 6.20252E-1 6.15567E-1 6.16569E-1 6.15408E-1 6.13606E-1 6.16683E-1 6.11885E-1 6.22707E-1 6.11129E-1 6.03972E-1 5.87994E-1 5.85956E-1 5.93403E-1 5.94292E-1 5.70229E-1 5.85372E-1 5.78427E-1 5.72945E-1 5.77345E-1 5.72826E-1 5.62378E-1 5.6396E-1 5.6658E-1 5.59595E-1 5.50158E-1 5.66974E-1 5.86927E-1 5.854E-1 6.03731E-1 6.14805E-1 6.20021E-1 6.63896E-1 6.70564E-1 6.55309E-1 6.3534E-1 6.25123E-1 6.13215E-1 5.98516E-1 6.05686E-1 6.07156E-1 5.95609E-1 5.93835E-1 5.64225E-1 5.42024E-1 5.24773E-1 5.22425E-1 5.09908E-1 4.91469E-1 4.74946E-1 4.65268E-1 4.95302E-1 4.83818E-1 4.32406E-1 4.00305E-1 3.89284E-1 3.67529E-1
5.94129E-1 5.88193E-1 5.79278E-1 5.90427E-1 5.82556E-1 5.72493E-1 5.88936E-1 5.96558E-1 6.04692E-1 6.25582E-1 6.2326E-1 6.28565E-1 6.32037E-1 6.37638E-1 6.29379E-1 6.2518E-1 6.18536E-1 6.2074E-1 6.17571E-1 6.07454E-1 6.10842E-1 6.05834E-1 6.11343E-1 5.92978E-1 5.93661E-1 5.80292E-1 5.93368E-1 5.90563E-1 5.9009E-1 5.80483E-1 5.71521E-1 5.8369E-1 5.89887E-1 5.84516E-1 5.69398E-1 5.47941E-1 5.61379E-1 5.36353E-1 5.43606E-1 5.77254E-1 5.87354E-1 5.81518E-1 5.92382E-1 6.02379E-1 6.13058E-1 6.44574E-1 6.47328E-1 6.51817E-1 6.34443E-1 6.18567E-1 6.14343E-1 6.08943E-1 6.25848E-1 6.1937E-1 5.97973E-1 5.82112E-1 5.64272E-1 5.41512E-1 5.1772E-1 4.99877E-1 4.98706E-1 4.93984E-1 4.91347E-1 4.91962E-1 5.08498E-1 4.93624E-1 4.25062E-1 4.19404E-1 4.07044E-1 3.98745E-1
5.95766E-1 5.84228E-1 5.77695E-1 5.8425E-1 5.76153E-1 5.72513E-1 5.75163E-1 5.97614E-1 6.12624E-1 6.25269E-1 6.33828E-1 6.39674E-1 6.4194E-1 6.41087E-1 6.38474E-1 6.2717E-1 6.23465E-1 6.21533E-1 6.11916E-1 6.02621E-1 6.11136E-1 6.09664E-1 6.00951E-1 5.85361E-1 5.80655E-1 5.81544E-1 5.94079E-1 5.89923E-1 6.11319E-1 6.09034E-1 5.7625E-1 5.80679E-1 5.78607E-1 5.57892E-1 5.51895E-1 5.41012E-1 5.64537E-1 5.56323E-1 5.57213E-1 5.55648E-1 5.72514E-1 5.89573E-1 5.81483E-1 5.90113E-1 6.20991E-1 6.3034E-1 6.3134E-1 6.33985E-1 6.3576E-1 6.22399E-1 6.16437E-1 6.20338E-1 6.29974E-1 6.16373E-1 5.9413E-1 5.69869E-1 5.48655E-1 5.36242E-1 5.16754E-1 4.96151E-1 5.01711E-1 4.93776E-1 5.10161E-1 5.13392E-1 5.2759E-1 4.94143E-1 4.61652E-1 4.03989E-1 4.29004E-1 4.34375E-1
5.90031E-1 5.78992E-1 5.78676E-1 5.74933E-1 5.73548E-1 5.76002E-1 5.80665E-1 5.93077E-1 6.12338E-1 6.25798E-1 6.38801E-1 6.21365E-1 6.40148E-1 6.38727E-1 6.45908E-1 6.30362E-1 6.21239E-1 6.1441E-1 6.07563E-1 5.98197E-1 6.11288E-1 6.05975E-1 5.90423E-1 5.90784E-1 5.63787E-1 5.6857E-1 5.94842E-1 5.99793E-1 5.97061E-1 6.00893E-1 5.87567E-1 5.72707E-1 5.7655E-1 5.6332E-1 5.5907E-1 5.58535E-1 5.57166E-1 5.46939E-1 5.49053E-1 5.54191E-1 5.66323E-1 5.75017E-1 5.71088E-1 5.95726E-1 6.12437E-1 6.16725E-1 6.1891E-1 6.15991E-1 6.3015E-1 6.17474E-1 6.13899E-1 6.16342E-1 6.29793E-1 6.16311E-1 6.06681E-1 5.80329E-1 5.39187E-1 5.29432E-1 5.26421E-1 5.0439E-1 5.02112E-1 4.97992E-1 5.27112E-1 5.4886E-1 5.51345E-1 5.11348E-1 4.70721E-1 3.7916E-1 4.36602E-1 4.46036E-1
6.05815E-1 5.8224E-1 5.8264E-1 5.90439E-1 5.88307E-1 5.75573E-1 5.83956E-1 5.93803E-1 6.04244E-1 6.28343E-1 6.1903E-1 6.18178E-1 6.26004E-1 6.4057E-1 6.37212E-1 6.22037E-1 6.14689E-1 5.96429E-1 5.88828E-1 5.94919E-1 6.03255E-1 5.93441E-1 5.88908E-1 5.65073E-1 5.60387E-1 5.6581E-1 5.90582E-1 5.93809E-1 5.95972E-1 5.94168E-1 5.86918E-1 5.76272E-1 5.68969E-1 5.55013E-1 5.58421E-1 5.54589E-1 5.60454E-1 5.37657E-1 5.25842E-1 5.2537E-1 5.28221E-1 5.53689E-1 5.51153E-1 5.83946E-1 5.99203E-1 6.10214E-1 6.14967E-1 6.10339E-1 6.33399E-1 6.26564E-1 6.39603E-1 6.22556E-1 6.20851E-1 6.01679E-1 5.9672E-1 5.68929E-1 5.48309E-1 5.26238E-1 5.30741E-1 5.15387E-1 4.9191E-1 5.06242E-1 5.30883E-1 5.51893E-1 5.55379E-1 5.2391E-1 4.91176E-1 4.80975E-1 4.75614E-1 4.49123E-1
6.20485E-1 6.08659E-1 6.03547E-1 5.95589E-1 5.86745E-1 5.83458E-1 5.90026E-1 5.92497E-1 6.00164E-1 5.99538E-1 6.09078E-1 6.19062E-1 6.22473E-1 6.00398E-1 6.27924E-1 6.15063E-1 6.09737E-1 5.94024E-1 5.71935E-1 5.88503E-1 5.91914E-1 6.00815E-1 6.03249E-1 5.80106E-1 5.77545E-1 5.88044E-1 5.89372E-1 5.84772E-1 5.83258E-1 5.82676E-1 5.7157E-1 5.71144E-1 5.59142E-1 5.56375E-1 5.49387E-1 5.54075E-1 5.57211E-1 5.58472E-1 5.26331E-1 5.07845E-1 5.14256E-1 5.3469E-1 5.46632E-1 5.75692E-1 5.88145E-1 6.06758E-1 6.08904E-1 6.15074E-1 6.25087E-1 6.18903E-1 6.47264E-1 6.5775E-1 6.30806E-1 6.10533E-1 5.95457E-1 5.85341E-1 5.59421E-1 5.45347E-1 5.57563E-1 5.05829E-1 4.87386E-1 4.99552E-1 5.2653E-1 5.53167E-1 5.3797E-1 5.18876E-1 5.02171E-1 5.01907E-1 4.69755E-1 4.51222E-1
6.21803E-1 6.13843E-1 6.13794E-1 6.1138E-1 6.00765E-1 6.06471E-1 5.96719E-1 5.92405E-1 5.88289E-1 5.96341E-1 5.95096E-1 5.97417E-1 6.19276E-1 6.17243E-1 6.03951E-1 6.01767E-1 6.03117E-1 5.9033E-1 5.59052E-1 5.65322E-1 5.76003E-1 6.05686E-1 6.0369E-1 6.08964E-1 6.00688E-1 5.80661E-1 5.69322E-1 5.82291E-1 5.75541E-1 5.73341E-1 5.66509E-1 5.69617E-1 5.53378E-1 5.56705E-1 5.57594E-1 5.55844E-1 5.56713E-1 5.68773E-1 5.52114E-1 5.28861E-1 5.18787E-1 5.46024E-1 5.49022E-1 5.70192E-1 5.86641E-1 6.01836E-1 6.09025E-1 6.17144E-1 6.21268E-1 6.33743E-1 6.42088E-1 6.4169E-1 6.22155E-1 6.04987E-1 5.82814E-1 5.82682E-1 5.6368E-1 5.34557E-1 5.12003E-1 4.81572E-1 4.84189E-1 4.95981E-1 5.13004E-1 5.43318E-1 5.4988E-1 5.05248E-1 4.98028E-1 4.81808E-1 4.55112E-1 4.39411E-1
6.18574E-1 6.0796E-1 6.16325E-1 6.1011E-1 6.10699E-1 6.09206E-1 5.94733E-1 5.96608E-1 5.82671E-1 5.8111E-1 5.72228E-1 5.72359E-1 5.8085E-1 5.97933E-1 5.95132E-1 5.89532E-1 5.84897E-1 5.72734E-1 5.62178E-1 5.53005E-1 5.72493E-1 5.97246E-1 6.18543E-1 6.18438E-1 5.98963E-1 5.75546E-1 5.68001E-1 5.6827E-1 5.66822E-1 5.6794E-1 5.65749E-1 5.68114E-1 5.54057E-1 5.66422E-1 5.51982E-1 5.7027E-1 5.76477E-1 5.62888E-1 5.6765E-1 5.49826E-1 5.19139E-1 5.23629E-1 5.41092E-1 5.60329E-1 5.73273E-1 5.91994E-1 6.04979E-1 6.20241E-1 6.237E-1 6.25326E-1 6.33876E-1 6.15818E-1 5.93033E-1 5.72281E-1 5.56594E-1 5.51747E-1 5.44165E-1 5.25635E-1 4.81925E-1 4.6987E-1 4.49337E-1 4.57411E-1 5.12052E-1 5.47745E-1 5.24666E-1 5.05519E-1 4.90672E-1 4.61836E-1 4.47291E-1 4.67115E-1
6.2699E-1 6.16351E-1 6.19676E-1 6.12263E-1 6.12918E-1 5.96732E-1 6.00887E-1 5.79842E-1 5.7889E-1 5.71855E-1 5.56116E-1 5.52229E-1 5.34768E-1 5.66224E-1 5.7624E-1 5.76223E-1 5.6815E-1 5.63838E-1 5.55082E-1 5.23486E-1 5.64651E-1 5.93341E-1 6.04944E-1 6.19193E-1 5.93215E-1 5.79114E-1 5.79146E-1 5.78739E-1 5.70651E-1 5.71053E-1 5.61482E-1 5.53019E-1 5.31973E-1 5.47065E-1 5.5373E-1 5.55076E-1 5.63495E-1 5.76337E-1 5.6478E-1 5.27131E-1 5.25897E-1 5.13103E-1 5.32825E-1 5.47527E-1 5.67752E-1 5.84813E-1 5.96493E-1 6.12038E-1 6.20178E-1 6.19519E-1 6.26314E-1 5.91179E-1 5.49695E-1 4.95866E-1 5.21741E-1 5.42734E-1 5.38859E-1 5.05183E-1 4.73877E-1 4.35944E-1 4.13507E-1 4.14124E-1 5.16906E-1 5.62981E-1 5.07393E-1 4.76974E-1 4.64847E-1 4.54137E-1 4.39739E-1 4.83781E-1
6.2128E-1 6.22322E-1 6.18354E-1 6.22092E-1 6.21068E-1 6.09145E-1 5.8479E-1 5.85056E-1 5.76929E-1 5.6397E-1 5.32957E-1 5.28361E-1 5.16389E-1 5.39736E-1 5.53051E-1 5.57224E-1 5.53052E-1 5.54902E-1 5.52193E-1 5.41819E-1 5.51874E-1 5.87505E-1 6.00938E-1 5.99316E-1 5.93522E-1 5.87509E-1 5.76859E-1 5.75899E-1 5.72912E-1 5.67097E-1 5.61351E-1 5.47874E-1 5.38607E-1 5.43423E-1 5.60209E-1 5.64755E-1 5.58755E-1 5.29637E-1 5.43624E-1 5.29715E-1 5.1859E-1 5.12709E-1 5.11403E-1 5.27233E-1 5.42896E-1 5.7029E-1 5.95514E-1 6.11844E-1 6.13904E-1 6.10845E-1 6.1611E-1 5.71481E-1 5.30765E-1 5.13316E-1 5.21281E-1 5.34717E-1 5.42996E-1 5.36511E-1 4.78045E-1 4.34057E-1 4.22718E-1 4.18252E-1 4.87073E-1 5.52395E-1 4.97543E-1 4.69279E-1 4.68937E-1 4.27417E-1 4.48554E-1 4.83353E-1
5.08854E-1 6.22547E-1 5.82923E-1 6.09737E-1 5.99463E-1 5.92888E-1 5.91438E-1 5.86912E-1 5.79849E-1 5.62212E-1 5.46912E-1 5.29749E-1 5.39911E-1 5.41921E-1 5.49984E-1 5.49195E-1 5.47366E-1 5.53948E-1 5.57667E-1 5.45138E-1 5.63046E-1 5.82146E-1 5.95985E-1 5.94063E-1 5.95012E-1 5.79473E-1 5.72259E-1 5.82159E-1 5.81351E-1 5.7781E-1 5.49876E-1 5.39604E-1 5.45368E-1 5.47105E-1 5.56681E-1 5.62397E-1 5.4933E-1 5.03721E-1 5.02599E-1 5.0493E-1 5.25558E-1 5.08567E-1 4.8997E-1 5.00335E-1 5.37677E-1 5.6348E-1 5.89048E-1 5.98538E-1 5.98362E-1 5.95365E-1 5.72741E-1 5.51189E-1 5.30486E-1 5.137E-1 5.20104E-1 5.237E-1 5.38053E-1 5.531E-1 5.21646E-1 4.66585E-1 4.38813E-1 4.36915E-1 4.48002E-1 4.66518E-1 4.75021E-1 4.5354E-1 4.55601E-1 4.51234E-1 4.59298E-1 4.74301E-1
5.17422E-1 5.98537E-1 5.57414E-1 5.92698E-1 6.05593E-1 5.65096E-1 5.89111E-1 5.80956E-1 5.71403E-1 5.66903E-1 5.58682E-1 5.54285E-1 5.46169E-1 5.51316E-1 5.52763E-1 5.53541E-1 5.54834E-1 5.55421E-1 5.54255E-1 5.54613E-1 5.55745E-1 5.69742E-1 5.72965E-1 5.76222E-1 5.86989E-1 5.78117E-1 5.74261E-1 5.70312E-1 5.51532E-1 5.60642E-1 5.56916E-1 5.50761E-1 5.39158E-1 5.49332E-1 5.47147E-1 5.29067E-1 5.77151E-1 5.10647E-1 5.08304E-1 5.16061E-1 5.23888E-1 5.16953E-1 5.04602E-1 4.97025E-1 5.27384E-1 5.639E-1 5.83544E-1 5.82379E-1 5.77838E-1 5.74169E-1 5.52754E-1 5.28167E-1 5.28279E-1 5.13389E-1 5.05337E-1 5.0761E-1 5.4136E-1 5.58134E-1 5.41146E-1 5.14535E-1 4.7366E-1 4.57912E-1 4.63109E-1 4.65768E-1 4.62673E-1 4.50757E-1 4.6233E-1 4.92723E-1 4.77988E-1 4.61632E-1
4.43652E-1 4.64516E-1 6.02854E-1 5.9581E-1 5.6533E-1 5.44686E-1 5.80022E-1 5.75338E-1 5.59659E-1 5.55072E-1 5.41091E-1 5.71283E-1 5.54691E-1 5.5361E-1 5.52313E-1 5.60319E-1 5.58572E-1 5.61491E-1 5.53201E-1 5.48672E-1 5.46383E-1 5.4899E-1 5.66847E-1 5.66297E-1 5.68755E-1 5.68908E-1 5.60361E-1 5.56959E-1 5.54353E-1 5.52377E-1 5.58191E-1 5.49341E-1 5.41584E-1 5.44045E-1 5.57937E-1 5.48781E-1 5.73648E-1 5.46692E-1 5.33833E-1 5.29181E-1 5.27033E-1 5.29713E-1 5.22465E-1 5.28957E-1 5.39772E-1 5.57328E-1 5.7128E-1 5.77515E-1 5.71704E-1 5.74117E-1 5.55934E-1 5.55437E-1 5.34962E-1 5.21835E-1 4.91675E-1 5.17069E-1 5.42534E-1 5.43408E-1 5.33231E-1 5.12356E-1 4.86497E-1 4.72179E-1 4.75107E-1 4.8554E-1 4.61861E-1 4.57292E-1 4.41447E-1 5.25866E-1 4.72454E-1 4.33719E-1
3.85206E-1 4.38147E-1 5.14829E-1 4.88088E-1 3.72498E-1 3.84703E-1 3.44864E-1 5.01118E-1 4.95673E-1 5.05325E-1 5.27076E-1 5.40659E-1 5.51787E-1 5.5124E-1 5.52083E-1 5.52063E-1 5.66735E-1 5.54651E-1 5.57579E-1 5.49814E-1 5.54213E-1 5.55271E-1 5.66847E-1 5.68337E-1 5.64442E-1 5.59255E-1 5.61256E-1 5.55169E-1 5.64857E-1 5.6646E-1 5.54662E-1 5.48497E-1 5.39137E-1 5.4491E-1 5.68564E-1 5.67076E-1 5.89637E-1 5.85818E-1 5.77871E-1 5.58958E-1 5.41944E-1 5.43808E-1 5.35801E-1 5.31077E-1 5.39917E-1 5.40774E-1 5.61313E-1 5.64953E-1 5.71701E-1 5.62496E-1 5.4788E-1 5.57133E-1 5.41349E-1 5.23867E-1 5.18598E-1 5.19966E-1 5.25226E-1 5.25064E-1 5.1871E-1 4.82434E-1 4.61169E-1 4.75147E-1 4.93198E-1 5.00741E-1 4.56157E-1 4.54693E-1 4.73807E-1 4.86742E-1 4.54115E-1 4.17199E-1
3.69874E-1 3.81616E-1 4.71024E-1 3.81537E-1 3.64876E-1 3.88282E-1 3.14837E-1 2.26066E-1 2.17919E-1 3.8405E-1 5.29206E-1 5.21704E-1 5.33518E-1 5.39396E-1 5.43607E-1 5.44232E-1 5.51085E-1 5.45016E-1 5.65165E-1 5.57661E-1 5.56581E-1 5.61201E-1 5.64495E-1 5.59907E-1 5.59488E-1 5.51137E-1 5.55785E-1 5.54211E-1 5.48377E-1 5.58081E-1 5.58891E-1 5.53802E-1 5.45878E-1 5.55142E-1 5.65304E-1 5.75217E-1 5.95945E-1 5.98925E-1 5.91366E-1 5.80531E-1 5.50444E-1 5.32534E-1 5.26132E-1 5.33054E-1 5.22364E-1 5.37313E-1 5.47862E-1 5.62266E-1 5.53792E-1 5.38439E-1 5.60169E-1 5.59158E-1 5.58563E-1 5.44748E-1 5.17164E-1 5.27497E-1 5.10705E-1 5.22757E-1 5.02014E-1 4.6036E-1 4.52978E-1 4.53392E-1 4.63801E-1 4.69224E-1 4.32053E-1 4.26587E-1 4.44575E-1 4.78066E-1 4.17946E-1 4.13464E-1
3.10854E-1 3.37105E-1 3.44816E-1 4.20718E-1 2.92377E-1 2.92759E-1 2.52649E-1 2.39234E-1 1.79702E-1 2.16071E-1 2.55216E-1 4.99499E-1 4.85399E-1 4.91268E-1 5.23427E-1 5.39849E-1 5.29102E-1 5.15284E-1 5.18904E-1 5.26411E-1 5.30073E-1 5.24509E-1 5.2831E-1 5.25207E-1 5.19252E-1 5.23979E-1 5.3744E-1 5.3486E-1 5.30507E-1 5.43905E-1 5.51225E-1 5.47064E-1 5.36963E-1 5.54611E-1 5.57732E-1 5.75782E-1 5.94582E-1 5.86342E-1 5.74468E-1 5.47795E-1 5.59065E-1 5.3901E-1 5.23649E-1 5.07767E-1 5.13365E-1 5.28422E-1 5.36206E-1 5.45811E-1 5.49183E-1 5.46266E-1 5.41694E-1 5.46833E-1 5.39896E-1 5.34443E-1 5.1333E-1 5.19643E-1 5.11731E-1 5.35624E-1 4.94131E-1 4.68553E-1 4.36807E-1 4.31594E-1 4.51848E-1 4.47578E-1 4.09666E-1 4.17325E-1 4.15571E-1 4.51069E-1 4.00491E-1 4.12065E-1
2.26447E-1 3.22853E-1 2.97866E-1 3.13078E-1 2.2874E-1 2.05631E-1 1.96652E-1 1.81263E-1 1.37199E-1 2.34173E-1 2.52542E-1 2.53893E-1 4.773E-1 4.76202E-1 5.03342E-1 5.1909E-1 4.92803E-1 4.74759E-1 4.6502E-1 4.76179E-1 4.98503E-1 5.13789E-1 5.10521E-1 5.09454E-1 5.07115E-1 5.07426E-1 5.22207E-1 5.18401E-1 5.25775E-1 5.2407E-1 5.33103E-1 5.47938E-1 5.45057E-1 5.52907E-1 5.4867E-1 5.37849E-1 5.44507E-1 5.48822E-1 5.53007E-1 5.4023E-1 5.11348E-1 5.10069E-1 4.71089E-1 4.92626E-1 5.00161E-1 5.14319E-1 5.29384E-1 5.37366E-1 5.55613E-1 5.39104E-1 5.34092E-1 5.28878E-1 5.1853E-1 5.08976E-1 5.01394E-1 5.19856E-1 4.97618E-1 4.92622E-1 4.8205E-1 4.62339E-1 4.50485E-1 4.30163E-1 4.41181E-1 4.63294E-1 4.41749E-1 4.17585E-1 4.02055E-1 4.25699E-1 4.07361E-1 4.20373E-1
2.08212E-1 2.11296E-1 3.42911E-1 3.4046E-1 2.23774E-1 2.01121E-1 1.8851E-1 1.81706E-1 1.91134E-1 2.82784E-1 3.3336E-1 3.03234E-1 4.58507E-1 4.87296E-1 4.98399E-1 5.14339E-1 4.84383E-1 4.63165E-1 4.25529E-1 4.70656E-1 4.90041E-1 4.95076E-1 4.9367E-1 4.99254E-1 4.9126E-1 4.9687E-1 4.85308E-1 4.95771E-1 5.00425E-1 5.13418E-1 5.2361E-1 5.30229E-1 5.26448E-1 5.27586E-1 5.00405E-1 5.29409E-1 5.24509E-1 4.7347E-1 5.11857E-1 4.97899E-1 4.73817E-1 4.54209E-1 4.32003E-1 4.26339E-1 4.67058E-1 5.00939E-1 5.29638E-1 5.32917E-1 5.48691E-1 5.3057E-1 5.17783E-1 5.07413E-1 5.07983E-1 5.14864E-1 4.96241E-1 5.18337E-1 5.10135E-1 4.82321E-1 4.67553E-1 4.45778E-1 4.3256E-1 4.22463E-1 4.321E-1 4.55865E-1 4.41386E-1 4.2999E-1 4.13188E-1 4.15166E-1 4.29595E-1 4.42748E-1
-9999 3.06375E-1 2.26602E-1 2.43759E-1 2.25529E-1 3.33642E-1 1.98164E-1 2.05479E-1 2.33959E-1 3.001E-1 3.51912E-1 3.50332E-1 3.85797E-1 4.15684E-1 4.9941E-1 5.07695E-1 4.9709E-1 4.58298E-1 4.49126E-1 4.45621E-1 4.68094E-1 4.776E-1 4.70395E-1 4.74467E-1 4.75289E-1 4.79727E-1 4.77839E-1 4.70382E-1 4.83688E-1 4.99239E-1 5.13877E-1 5.17609E-1 5.16135E-1 4.9773E-1 4.8143E-1 4.75899E-1 4.93898E-1 4.67743E-1 4.60828E-1 4.73304E-1 4.50452E-1 4.2943E-1 4.06918E-1 4.00915E-1 4.24101E-1 4.77884E-1 5.16653E-1 5.20095E-1 5.31473E-1 5.19407E-1 5.1172E-1 5.06597E-1 5.12028E-1 5.02923E-1 5.07508E-1 4.86477E-1 4.92727E-1 4.80553E-1 4.61145E-1 4.29269E-1 3.74667E-1 4.32193E-1 4.42833E-1 4.33631E-1 4.19662E-1 4.15494E-1 4.13001E-1 4.23398E-1 4.46324E-1 4.26419E-1
-9999 -9999 3.23315E-1 4.35358E-1 3.53142E-1 3.31513E-1 3.14481E-1 2.10317E-1 2.62143E-1 2.54644E-1 3.14806E-1 3.20945E-1 2.64454E-1 2.75331E-1 4.94311E-1 5.12108E-1 4.97915E-1 4.85347E-1 4.44128E-1 4.47007E-1 4.42971E-1 4.52397E-1 4.58341E-1 4.5774E-1 4.77782E-1 4.83183E-1 4.72102E-1 4.49114E-1 4.4889E-1 4.8559E-1 4.74157E-1 4.75691E-1 4.72085E-1 4.8068E-1 4.45255E-1 4.43098E-1 4.6473E-1 4.57209E-1 4.50656E-1 4.56126E-1 4.42326E-1 4.55545E-1 4.51779E-1 4.49119E-1 4.61716E-1 4.92689E-1 5.16799E-1 5.23268E-1 5.21539E-1 5.05453E-1 5.00665E-1 4.96544E-1 4.92248E-1 4.98108E-1 4.89178E-1 4.94584E-1 4.72428E-1 4.80696E-1 4.52896E-1 4.24603E-1 4.20064E-1 4.51677E-1 4.33771E-1 4.20902E-1 4.01475E-1 4.12907E-1 3.94211E-1 4.12074E-1 4.28204E-1 4.37503E-1
-9999 -9999 -9999 -9999 -9999 4.93692E-1 4.64733E-1 2.6246E-1 2.6933E-1 2.20171E-1 2.55422E-1 2.33749E-1 2.06792E-1 2.12591E-1 3.64273E-1 4.23972E-1 4.38738E-1 4.59756E-1 4.65413E-1 4.41675E-1 4.18935E-1 4.37184E-1 4.38012E-1 4.37885E-1 4.71527E-1 4.7161E-1 4.66006E-1 4.52988E-1 4.58027E-1 4.56385E-1 4.65253E-1 4.75406E-1 4.72978E-1 4.5418E-1 4.3965E-1 4.40022E-1 4.54213E-1 4.55673E-1 4.51385E-1 4.5451E-1 4.8162E-1 4.70809E-1 4.71576E-1 4.81038E-1 5.00795E-1 5.18387E-1 5.29059E-1 5.22884E-1 5.23746E-1 5.03806E-1 4.92478E-1 4.68359E-1 4.82801E-1 5.04618E-1 5.07997E-1 4.97542E-1 4.74199E-1 4.76148E-1 4.50321E-1 4.19364E-1 4.14927E-1 4.46592E-1 4.43846E-1 4.2126E-1 4.07165E-1 4.07025E-1 4.10093E-1 4.27443E-1 4.46373E-1 4.49909E-1
-9999 -9999 -9999 -9999 -9999 -9999 1.5166E-1 3.03375E-1 1.91535E-1 1.85903E-1 1.87207E-1 1.90752E-1 1.72342E-1 1.71771E-1 1.90332E-1 2.26553E-1 3.31949E-1 3.34049E-1 3.28733E-1 4.40756E-1 4.28046E-1 4.28862E-1 4.22109E-1 3.91043E-1 4.784E-1 4.79996E-1 4.68627E-1 4.43175E-1 4.39386E-1 4.48288E-1 4.45313E-1 4.62117E-1 4.63419E-1 4.57149E-1 4.4863E-1 4.43347E-1 4.4797E-1 4.56958E-1 4.58487E-1 4.89787E-1 4.85912E-1 4.83952E-1 4.92766E-1 5.02728E-1 5.11615E-1 5.27924E-1 5.25196E-1 5.2719E-1 5.33636E-1 5.14497E-1 5.08716E-1 4.74308E-1 4.79406E-1 4.87472E-1 4.8973E-1 4.78831E-1 4.85612E-1 4.89239E-1 4.52609E-1 4.23081E-1 3.95519E-1 4.21147E-1 4.26702E-1 4.16528E-1 4.05743E-1 4.22887E-1 4.29104E-1 4.47692E-1 4.32988E-1 4.60404E-1
-9999 -9999 -9999 -9999 -9999 -9999 -9999 1.79098E-1 1.68877E-1 2.63432E-1 1.51806E-1 1.64832E-1 1.50981E-1 1.51962E-1 2.03233E-1 1.79148E-1 1.75277E-1 1.99788E-1 2.21571E-1 2.75962E-1 4.02277E-1 4.50328E-1 4.4562E-1 4.10537E-1 4.60045E-1 4.65796E-1 4.5915E-1 4.23916E-1 4.0679E-1 4.42319E-1 4.55988E-1 4.66925E-1 4.65034E-1 4.62609E-1 4.55134E-1 4.47106E-1 4.47473E-1 4.47691E-1 4.58409E-1 4.89864E-1 4.9253E-1 4.93319E-1 4.98923E-1 5.10873E-1 5.17784E-1 5.26714E-1 5.45156E-1 5.33617E-1 5.24049E-1 5.28126E-1 4.9357E-1 4.833E-1 4.96545E-1 4.75543E-1 4.88341E-1 4.76742E-1 4.84989E-1 4.9242E-1 4.7328E-1 4.41211E-1 4.08664E-1 4.06226E-1 3.82798E-1 3.96938E-1 3.97089E-1 4.12905E-1 4.24871E-1 4.4767E-1 4.57911E-1 4.57484E-1
-9999 -9999 -9999 -9999 -9999 -9999 -9999 -9999 -9999 1.09698E-1 9.25013E-2 1.13894E-1 1.2827E-1 1.36576E-1 1.34754E-1 1.06574E-1 1.30599E-1 1.54995E-1 2.22273E-1 2.41741E-1 3.19077E-1 3.78053E-1 4.18149E-1 4.15585E-1 4.18464E-1 4.20686E-1 4.20177E-1 4.08877E-1 4.18966E-1 4.50104E-1 4.48718E-1 4.53162E-1 4.55909E-1 4.55734E-1 4.57735E-1 4.5054E-1 4.49333E-1 4.47125E-1 4.54752E-1 4.89726E-1 4.81943E-1 4.96399E-1 5.05378E-1 5.10502E-1 5.13953E-1 5.30133E-1 5.11471E-1 5.26838E-1 5.35589E-1 5.23602E-1 4.91654E-1 4.84532E-1 4.51728E-1 4.5873E-1 4.63229E-1 4.69011E-1 4.6992E-1 4.89099E-1 4.70595E-1 4.44891E-1 4.36012E-1 3.89925E-1 3.47545E-1 3.66867E-1 3.85983E-1 4.07064E-1 4.2777E-1 4.43825E-1 4.54576E-1 4.54093E-1
