data/sdm/Kinkajou.asc
ncols         720
nrows         300
xllcorner     -180.0
yllcorner     -60.0
cellsize      0.5
NODATA_value  -9999
[rows 217 to 247 of 300, columns 560 to 629 of 720]
-9999 -9999 -9999 -9999 -9999 -9999 -9999 -9999 -9999 -9999 -9999 -9999 -9999 -9999 -9999 -9999 -9999 -9999 -9999 -9999 -9999 -9999 -9999 -9999 -9999 -9999 -9999 -9999 -9999 -9999 -9999 -9999 -9999 -9999 -9999 -9999 -9999 -9999 -9999 -9999 -9999 -9999 -9999 1.5526E-1 1.3226E-1 1.08683E-1 1.01273E-1 8.32715E-2 7.10156E-2 5.99917E-2 4.672E-2 4.27437E-2 4.41692E-2 4.55721E-2 5.74075E-2 6.27997E-2 7.02192E-2 6.37613E-2 5.04548E-2 4.47479E-2 4.37351E-2 4.24694E-2 4.46054E-2 4.50638E-2 4.63705E-2 4.83479E-2 5.28821E-2 5.71731E-2 6.7314E-2 6.60626E-2
-9999 -9999 -9999 -9999 -9999 -9999 -9999 -9999 -9999 -9999 -9999 -9999 -9999 -9999 -9999 -9999 -9999 -9999 -9999 -9999 -9999 -9999 -9999 -9999 -9999 -9999 -9999 -9999 -9999 -9999 -9999 -9999 -9999 -9999 -9999 -9999 -9999 -9999 -9999 -9999 -9999 -9999 -9999 1.35692E-1 1.13504E-1 9.08218E-2 8.00619E-2 7.047E-2 5.96119E-2 5.03465E-2 4.62294E-2 4.40909E-2 4.49688E-2 4.6958E-2 4.9011E-2 5.13885E-2 5.49473E-2 4.869E-2 4.80757E-2 4.47681E-2 4.17236E-2 4.18657E-2 3.88327E-2 4.07768E-2 4.26808E-2 4.66855E-2 5.08585E-2 6.33438E-2 6.43889E-2 6.1895E-2
-9999 -9999 -9999 -9999 -9999 -9999 -9999 -9999 -9999 -9999 -9999 -9999 -9999 -9999 -9999 -9999 -9999 -9999 -9999 -9999 -9999 -9999 -9999 -9999 -9999 -9999 -9999 -9999 -9999 -9999 -9999 -9999 -9999 -9999 -9999 -9999 -9999 -9999 -9999 -9999 -9999 1.49065E-1 1.32628E-1 1.0575E-1 9.22149E-2 7.95324E-2 6.90773E-2 5.7977E-2 5.21753E-2 4.44636E-2 4.22237E-2 4.08873E-2 4.19015E-2 4.63167E-2 4.98485E-2 5.63138E-2 5.12892E-2 4.88592E-2 4.33619E-2 3.75279E-2 3.45913E-2 3.63368E-2 4.07977E-2 4.33891E-2 3.97697E-2 4.26938E-2 5.4558E-2 6.11567E-2 6.21094E-2 5.66355E-2
-9999 -9999 -9999 -9999 -9999 -9999 -9999 -9999 -9999 -9999 -9999 -9999 -9999 -9999 -9999 -9999 -9999 -9999 -9999 -9999 -9999 -9999 -9999 -9999 -9999 -9999 -9999 -9999 -9999 -9999 -9999 -9999 -9999 -9999 -9999 -9999 -9999 1.04428E-1 1.18649E-1 1.15487E-1 1.00648E-1 9.92873E-2 9.34886E-2 8.10015E-2 7.11011E-2 6.47364E-2 5.33359E-2 4.92094E-2 4.47194E-2 4.40382E-2 4.0827E-2 3.99985E-2 4.15271E-2 4.50044E-2 5.47051E-2 6.012E-2 5.42076E-2 4.62164E-2 3.76814E-2 3.07211E-2 2.93951E-2 3.26766E-2 3.61986E-2 3.88635E-2 4.27853E-2 3.81511E-2 4.00438E-2 5.14226E-2 5.18919E-2 4.87346E-2
-9999 -9999 -9999 -9999 -9999 -9999 -9999 -9999 -9999 -9999 -9999 -9999 -9999 -9999 -9999 -9999 -9999 -9999 -9999 -9999 -9999 -9999 -9999 -9999 -9999 -9999 -9999 -9999 -9999 -9999 2.05581E-1 -9999 -9999 1.41871E-1 1.01281E-1 9.84356E-2 8.9257E-2 8.0233E-2 7.44851E-2 6.65302E-2 6.31242E-2 6.25617E-2 6.10583E-2 5.6762E-2 5.19193E-2 4.7122E-2 4.29287E-2 4.15565E-2 4.04625E-2 3.7517E-2 3.70114E-2 3.72756E-2 4.08273E-2 4.85209E-2 4.77897E-2 5.08199E-2 4.84892E-2 4.07078E-2 3.51821E-2 3.01598E-2 2.94617E-2 3.09366E-2 3.43477E-2 3.79341E-2 3.47268E-2 3.75109E-2 3.74504E-2 4.40187E-2 4.19974E-2 4.04949E-2
-9999 -9999 -9999 -9999 -9999 -9999 -9999 -9999 -9999 -9999 -9999 -9999 -9999 -9999 -9999 -9999 -9999 -9999 -9999 -9999 -9999 -9999 -9999 -9999 -9999 -9999 -9999 -9999 -9999 -9999 -9999 1.42742E-1 1.11141E-1 8.62659E-2 6.88006E-2 6.14992E-2 5.98563E-2 5.38746E-2 4.49613E-2 3.51607E-2 3.84743E-2 3.98207E-2 4.16401E-2 4.01639E-2 3.95881E-2 3.61459E-2 3.70967E-2 3.57038E-2 3.4398E-2 3.38078E-2 3.32195E-2 3.54845E-2 3.65211E-2 4.17943E-2 4.4173E-2 4.59259E-2 4.18597E-2 3.9252E-2 3.51956E-2 3.13989E-2 3.07465E-2 3.1438E-2 3.29203E-2 3.08706E-2 3.19448E-2 3.39154E-2 3.34414E-2 3.38936E-2 3.7476E-2 3.39852E-2
-9999 -9999 -9999 -9999 -9999 -9999 -9999 -9999 -9999 -9999 -9999 -9999 -9999 -9999 -9999 -9999 -9999 -9999 -9999 -9999 -9999 -9999 -9999 -9999 -9999 -9999 -9999 -9999 1.79131E-2 2.13484E-2 1.26411E-1 1.02241E-1 7.1612E-2 5.85873E-2 5.12339E-2 4.64774E-2 4.2962E-2 3.77742E-2 3.24181E-2 2.688E-2 2.42519E-2 2.72111E-2 3.02075E-2 3.03943E-2 2.79518E-2 2.97958E-2 3.12269E-2 3.20798E-2 3.09682E-2 3.15097E-2 3.2785E-2 3.20241E-2 3.7754E-2 4.07209E-2 4.26884E-2 4.11999E-2 3.91686E-2 3.66717E-2 3.39069E-2 3.19755E-2 3.07382E-2 3.21302E-2 2.95571E-2 2.96302E-2 3.09214E-2 3.26227E-2 3.16796E-2 2.83012E-2 2.77141E-2 3.04678E-2
-9999 -9999 -9999 -9999 -9999 -9999 -9999 -9999 -9999 -9999 -9999 -9999 -9999 -9999 -9999 -9999 -9999 -9999 -9999 -9999 -9999 -9999 -9999 -9999 -9999 -9999 -9999 1.95255E-2 9.48105E-2 8.52706E-2 8.11389E-2 6.33132E-2 5.01883E-2 4.27368E-2 4.07423E-2 3.84258E-2 3.34656E-2 3.17954E-2 2.69132E-2 2.29599E-2 2.11434E-2 2.14948E-2 2.38859E-2 2.30302E-2 2.43395E-2 2.44572E-2 2.59202E-2 2.67635E-2 2.58815E-2 2.72554E-2 2.90546E-2 2.94736E-2 3.36713E-2 3.52684E-2 3.62543E-2 3.64381E-2 3.64128E-2 3.53719E-2 3.38925E-2 3.20888E-2 2.72481E-2 2.68791E-2 2.82709E-2 3.01089E-2 3.00297E-2 2.88042E-2 2.6258E-2 2.55728E-2 2.37932E-2 2.21177E-2
-9999 -9999 -9999 -9999 -9999 -9999 -9999 -9999 -9999 -9999 -9999 -9999 -9999 -9999 -9999 -9999 -9999 -9999 -9999 -9999 -9999 -9999 -9999 -9999 -9999 -9999 -9999 1.93528E-2 7.80451E-2 6.06321E-2 5.04902E-2 4.31529E-2 3.65464E-2 3.29788E-2 3.11102E-2 3.06647E-2 2.74552E-2 2.79762E-2 2.5092E-2 2.22595E-2 2.14854E-2 1.98745E-2 1.99957E-2 2.01336E-2 2.0516E-2 2.07691E-2 2.1425E-2 2.17673E-2 2.37601E-2 2.35751E-2 2.37798E-2 2.62367E-2 3.01397E-2 3.14222E-2 3.0649E-2 3.20132E-2 3.22284E-2 3.26421E-2 2.71813E-2 2.62183E-2 2.61783E-2 2.6511E-2 2.65607E-2 2.69779E-2 2.71713E-2 2.45891E-2 2.28851E-2 2.1071E-2 2.00035E-2 1.98674E-2
-9999 -9999 -9999 -9999 -9999 -9999 -9999 -9999 -9999 -9999 -9999 -9999 -9999 -9999 -9999 -9999 -9999 -9999 -9999 -9999 -9999 -9999 -9999 -9999 -9999 -9999 -9999 1.67069E-2 1.11455E-2 4.74235E-2 3.64177E-2 3.1752E-2 2.77571E-2 2.67361E-2 2.63828E-2 2.58687E-2 2.30456E-2 2.11977E-2 2.16717E-2 2.22186E-2 1.91962E-2 1.6999E-2 1.71798E-2 1.6729E-2 1.75574E-2 1.76793E-2 1.90152E-2 1.96704E-2 2.03824E-2 2.11554E-2 2.20544E-2 2.55427E-2 2.60721E-2 2.79386E-2 2.74681E-2 2.92456E-2 2.91689E-2 2.48401E-2 2.52004E-2 2.43172E-2 2.41799E-2 2.31815E-2 2.32297E-2 2.22925E-2 2.23101E-2 2.02804E-2 1.84207E-2 1.77155E-2 1.60904E-2 1.61892E-2
-9999 -9999 -9999 -9999 -9999 -9999 -9999 -9999 -9999 -9999 -9999 -9999 -9999 -9999 -9999 -9999 -9999 -9999 -9999 -9999 -9999 -9999 -9999 -9999 -9999 -9999 -9999 1.77759E-2 1.08903E-2 4.79402E-2 3.38657E-2 2.53264E-2 2.26631E-2 2.08696E-2 2.10342E-2 1.95873E-2 1.91043E-2 1.8261E-2 1.76918E-2 1.71209E-2 1.60335E-2 1.6136E-2 1.53573E-2 1.56332E-2 1.55348E-2 1.57207E-2 1.64893E-2 1.69331E-2 1.73634E-2 1.87382E-2 2.23888E-2 2.19173E-2 2.40562E-2 2.38894E-2 2.537E-2 2.62256E-2 2.3562E-2 2.33846E-2 2.29756E-2 2.23377E-2 2.08966E-2 1.97312E-2 1.89885E-2 1.79788E-2 1.77895E-2 1.70612E-2 1.85956E-2 1.75112E-2 1.51234E-2 1.5197E-2
-9999 -9999 -9999 -9999 -9999 -9999 -9999 -9999 -9999 -9999 -9999 -9999 -9999 -9999 -9999 -9999 -9999 -9999 -9999 -9999 -9999 -9999 -9999 -9999 -9999 -9999 -9999 1.87229E-2 1.07285E-2 5.8825E-3 3.01659E-3 1.94404E-3 1.86422E-2 1.82157E-2 1.66471E-2 1.64596E-2 1.541E-2 1.42103E-2 1.39902E-2 1.34106E-2 1.3941E-2 1.31226E-2 1.3669E-2 1.32236E-2 1.45175E-2 1.46172E-2 1.48579E-2 1.5802E-2 1.61184E-2 1.88553E-2 1.95974E-2 1.99176E-2 2.12417E-2 2.24296E-2 2.28204E-2 2.44191E-2 2.16916E-2 2.13954E-2 2.08301E-2 1.98648E-2 1.83614E-2 1.75443E-2 1.64584E-2 1.57763E-2 1.60271E-2 1.903E-2 1.79529E-2 1.71614E-2 1.75475E-2 1.52198E-2
-9999 -9999 -9999 -9999 -9999 -9999 -9999 -9999 -9999 -9999 -9999 -9999 -9999 -9999 -9999 -9999 -9999 -9999 -9999 -9999 -9999 -9999 -9999 -9999 -9999 -9999 -9999 2.17929E-2 1.13419E-2 5.4244E-3 2.45967E-3 1.65393E-3 1.70495E-2 1.55639E-2 1.54064E-2 1.34821E-2 1.21067E-2 1.0508E-2 1.00702E-2 1.13543E-2 1.22092E-2 1.24887E-2 1.2348E-2 1.25569E-2 1.28699E-2 1.31785E-2 1.39234E-2 1.46229E-2 1.43704E-2 1.75812E-2 1.75253E-2 1.78094E-2 1.90003E-2 1.96118E-2 2.15554E-2 2.25944E-2 2.18389E-2 2.10301E-2 1.91996E-2 1.81815E-2 1.65081E-2 1.60759E-2 1.45898E-2 1.37514E-2 1.38117E-2 1.50145E-2 1.50886E-2 1.82322E-2 1.79463E-2 1.7326E-2
-9999 -9999 -9999 -9999 -9999 -9999 -9999 -9999 -9999 -9999 -9999 -9999 -9999 -9999 -9999 -9999 -9999 -9999 -9999 -9999 -9999 -9999 -9999 -9999 -9999 -9999 -9999 1.76862E-2 1.00414E-2 4.55543E-3 2.05389E-3 1.50694E-3 1.33205E-3 1.26409E-3 1.40313E-2 1.3592E-2 1.13659E-2 9.36762E-3 8.78256E-3 1.00022E-2 1.14114E-2 1.17116E-2 1.16645E-2 1.21458E-2 1.28479E-2 1.29807E-2 1.2895E-2 1.33218E-2 1.40895E-2 1.62636E-2 1.64592E-2 1.72881E-2 1.68537E-2 1.76605E-2 1.931E-2 2.17857E-2 2.00582E-2 1.94918E-2 1.89623E-2 1.72677E-2 1.58393E-2 1.45101E-2 1.3E-2 1.16071E-2 1.32908E-2 1.5562E-2 1.66095E-2 1.68204E-2 1.56321E-2 1.78755E-2
-9999 -9999 -9999 -9999 -9999 -9999 -9999 -9999 -9999 -9999 -9999 -9999 -9999 -9999 -9999 -9999 -9999 -9999 -9999 -9999 -9999 -9999 -9999 -9999 -9999 -9999 -9999 1.49789E-2 7.73157E-3 4.4058E-3 2.50457E-3 1.63284E-3 1.38951E-3 1.25533E-3 1.19089E-3 1.34144E-2 1.2601E-2 1.03701E-2 1.06895E-2 1.14503E-2 1.20905E-2 1.17121E-2 1.17528E-2 1.20248E-2 1.25286E-2 1.24199E-2 1.34414E-2 1.36536E-2 1.55313E-2 1.5982E-2 1.57626E-2 1.53482E-2 1.53101E-2 1.60421E-2 1.76601E-2 1.91867E-2 2.06865E-2 1.87939E-2 1.83524E-2 1.702E-2 1.5085E-2 1.47223E-2 1.37157E-2 1.28788E-2 1.40018E-2 1.57256E-2 1.77121E-2 1.71849E-2 1.63117E-2 1.83602E-2
-9999 -9999 -9999 -9999 -9999 -9999 -9999 -9999 -9999 -9999 -9999 -9999 -9999 -9999 -9999 -9999 -9999 -9999 -9999 -9999 -9999 -9999 -9999 -9999 -9999 -9999 2.11616E-2 1.28578E-2 6.54707E-3 4.70744E-3 2.8963E-3 1.96933E-3 1.46633E-3 1.29689E-3 1.27635E-3 1.31262E-3 1.61254E-2 1.48E-2 1.29834E-2 1.26386E-2 1.24008E-2 1.22098E-2 1.22593E-2 1.21359E-2 1.33487E-2 1.3357E-2 1.36409E-2 8.49473E-3 8.50737E-3 1.58765E-2 1.53609E-2 1.57586E-2 1.51587E-2 1.52172E-2 1.82035E-2 1.96474E-2 1.94536E-2 2.06076E-2 1.79455E-2 1.74597E-2 1.7143E-2 1.5835E-2 1.41882E-2 1.41124E-2 1.76252E-2 1.63806E-2 1.79505E-2 1.79809E-2 1.69454E-2 1.62727E-2
-9999 -9999 -9999 -9999 -9999 -9999 -9999 -9999 -9999 -9999 -9999 -9999 -9999 -9999 -9999 -9999 -9999 -9999 -9999 -9999 -9999 -9999 -9999 -9999 -9999 -9999 -9999 1.40787E-2 8.48075E-3 5.51475E-3 3.64133E-3 2.31837E-3 1.7591E-3 1.4541E-3 1.4655E-3 1.50027E-3 1.80721E-2 1.76816E-2 1.44756E-2 1.28297E-2 1.23434E-2 1.2177E-2 1.30284E-2 1.30526E-2 1.36852E-2 8.30546E-3 8.51376E-3 8.67333E-3 8.78975E-3 9.15448E-3 1.6121E-2 1.63883E-2 2.41377E-3 1.64264E-2 1.81257E-2 2.03054E-2 2.13609E-2 2.14404E-2 2.22607E-2 1.86574E-2 1.83504E-2 1.73747E-2 1.69262E-2 1.6807E-2 1.75324E-2 1.83436E-2 1.84716E-2 1.83692E-2 1.75339E-2 1.63637E-2
-9999 -9999 -9999 -9999 -9999 -9999 -9999 -9999 -9999 -9999 -9999 -9999 -9999 -9999 -9999 -9999 -9999 -9999 -9999 -9999 -9999 -9999 -9999 -9999 -9999 -9999 -9999 -9999 1.46292E-2 8.8773E-3 4.74647E-3 2.88346E-3 1.928E-3 1.5872E-3 1.65109E-3 1.69594E-3 1.73358E-3 1.69807E-3 1.40669E-2 1.19124E-2 1.11705E-2 1.24203E-2 1.36514E-2 1.39743E-2 9.07717E-3 9.13453E-3 9.37006E-3 9.16238E-3 9.93526E-3 9.91615E-3 2.77215E-3 1.84779E-2 3.05759E-3 1.90698E-2 2.07119E-2 2.1546E-2 2.25733E-2 2.3739E-2 2.46955E-2 2.3241E-2 2.37465E-2 2.35221E-2 2.32512E-2 2.25646E-2 2.14669E-2 2.07555E-2 2.05011E-2 1.92495E-2 1.8439E-2 1.77852E-2
-9999 -9999 -9999 -9999 -9999 -9999 -9999 -9999 -9999 -9999 -9999 -9999 -9999 -9999 -9999 -9999 -9999 -9999 -9999 -9999 -9999 -9999 -9999 -9999 -9999 -9999 -9999 -9999 2.48039E-2 1.35498E-2 6.40951E-3 3.36165E-3 2.22529E-3 1.7824E-3 1.80066E-3 1.87449E-3 1.80613E-3 1.7857E-3 1.53744E-3 2.02117E-3 1.31204E-2 1.41868E-2 1.56502E-2 9.97928E-3 9.83265E-3 1.04232E-2 9.93291E-3 1.04364E-2 1.09775E-2 1.15952E-2 3.47007E-3 3.61124E-3 2.19864E-2 2.18573E-2 2.37537E-2 2.46922E-2 2.52524E-2 2.68436E-2 2.73521E-2 2.58931E-2 2.70549E-2 2.76784E-2 2.82264E-2 2.72974E-2 2.74025E-2 2.45929E-2 2.3339E-2 2.3271E-2 2.04647E-2 2.19991E-2
-9999 -9999 -9999 -9999 -9999 -9999 -9999 -9999 -9999 -9999 -9999 -9999 -9999 -9999 -9999 -9999 -9999 -9999 -9999 -9999 -9999 -9999 -9999 -9999 -9999 -9999 -9999 -9999 3.23545E-2 1.89404E-2 7.87344E-3 3.85285E-3 2.54533E-3 2.29926E-3 2.06607E-3 2.06772E-3 1.99023E-3 1.95874E-3 1.95266E-3 1.88464E-3 2.66696E-3 1.67387E-2 1.76299E-2 1.15243E-2 1.24175E-2 1.26027E-2 1.24897E-2 3.56924E-3 3.87896E-3 4.21556E-3 4.43011E-3 4.75635E-3 4.88747E-3 2.69942E-2 2.86304E-2 2.93273E-2 3.01839E-2 3.18088E-2 3.18472E-2 3.12478E-2 3.34683E-2 3.29018E-2 3.30793E-2 3.40063E-2 3.28577E-2 3.26309E-2 3.17412E-2 2.9874E-2 2.72971E-2 2.46455E-2
-9999 -9999 -9999 -9999 -9999 -9999 -9999 -9999 -9999 -9999 -9999 -9999 -9999 -9999 -9999 -9999 -9999 -9999 -9999 -9999 -9999 -9999 -9999 -9999 -9999 -9999 -9999 -9999 -9999 2.77706E-2 1.03323E-2 4.46062E-3 3.10854E-3 2.54035E-3 2.34134E-3 2.12265E-3 2.13332E-3 2.13081E-3 2.35851E-3 2.45652E-3 3.32815E-3 2.41765E-3 2.2777E-2 1.37608E-2 4.4962E-3 4.57256E-3 4.49835E-3 1.48397E-2 5.13232E-3 1.76901E-2 1.90798E-2 6.37638E-3 6.74877E-3 3.34745E-2 3.42288E-2 3.55094E-2 3.61467E-2 3.70564E-2 3.91022E-2 3.9981E-2 3.98492E-2 4.09874E-2 4.11258E-2 4.15915E-2 4.09291E-2 4.1024E-2 3.77045E-2 3.5241E-2 3.19201E-2 3.00712E-2
-9999 -9999 -9999 -9999 -9999 -9999 -9999 -9999 -9999 -9999 -9999 -9999 -9999 -9999 -9999 -9999 -9999 -9999 -9999 -9999 -9999 -9999 -9999 -9999 -9999 -9999 -9999 -9999 -9999 -9999 1.26263E-2 5.74816E-3 3.74034E-3 3.19498E-3 2.79543E-3 2.47792E-3 2.27454E-3 2.19994E-3 2.26471E-3 2.73975E-3 3.97037E-3 2.86283E-3 3.18943E-3 5.20847E-3 5.545E-3 5.6524E-3 5.94947E-3 6.28854E-3 2.09017E-2 2.26756E-2 2.48391E-2 9.11215E-3 9.50649E-3 1.00537E-2 4.48447E-2 4.39996E-2 4.64978E-2 4.78943E-2 4.90592E-2 4.78901E-2 5.13756E-2 5.15414E-2 5.24168E-2 5.12825E-2 5.06186E-2 4.93448E-2 4.54807E-2 4.11498E-2 3.8429E-2 3.26813E-2
-9999 -9999 -9999 -9999 -9999 -9999 -9999 -9999 -9999 -9999 -9999 -9999 -9999 -9999 -9999 -9999 -9999 -9999 -9999 -9999 -9999 -9999 -9999 -9999 -9999 -9999 -9999 -9999 -9999 -9999 1.29394E-2 7.65798E-3 5.4641E-3 4.54142E-3 3.98113E-3 3.18944E-3 2.74236E-3 2.40014E-3 2.08496E-3 2.68386E-3 4.59326E-3 5.00124E-3 3.97104E-3 4.39674E-3 6.66461E-3 7.07203E-3 7.7137E-3 2.3626E-2 2.66403E-2 2.91877E-2 3.20188E-2 3.55442E-2 1.36425E-2 1.48553E-2 1.4786E-2 5.61398E-2 5.75057E-2 6.13096E-2 1.70608E-2 6.59363E-2 6.36702E-2 6.34013E-2 6.7645E-2 6.84505E-2 6.62245E-2 6.15463E-2 5.37263E-2 4.72926E-2 4.08974E-2 3.60515E-2
-9999 -9999 -9999 -9999 -9999 -9999 -9999 -9999 -9999 -9999 -9999 -9999 -9999 -9999 -9999 -9999 -9999 -9999 -9999 -9999 -9999 -9999 -9999 -9999 -9999 -9999 -9999 -9999 -9999 -9999 3.07601E-2 1.02399E-2 6.81311E-3 6.87597E-3 5.42596E-3 4.57344E-3 3.73522E-3 3.30649E-3 2.97509E-3 3.55096E-3 4.14113E-3 4.97004E-3 5.42947E-3 5.84138E-3 6.1867E-3 9.65109E-3 1.02051E-2 3.02198E-2 3.41786E-2 3.89675E-2 4.34473E-2 1.95478E-2 2.10972E-2 2.16113E-2 2.20628E-2 2.13475E-2 2.21789E-2 2.51558E-2 2.62825E-2 2.56723E-2 2.48439E-2 2.56405E-2 2.76084E-2 2.82497E-2 2.58498E-2 2.16255E-2 1.69051E-2 1.0054E-2 7.27183E-3 5.46365E-3
-9999 -9999 -9999 -9999 -9999 -9999 -9999 -9999 -9999 -9999 -9999 -9999 -9999 -9999 -9999 -9999 -9999 -9999 -9999 -9999 -9999 -9999 -9999 -9999 -9999 -9999 -9999 -9999 -9999 -9999 5.1833E-2 1.77007E-2 6.06455E-3 8.15744E-3 7.0315E-3 6.20848E-3 5.32535E-3 4.43893E-3 4.23104E-3 4.93642E-3 5.9997E-3 7.14948E-3 8.12008E-3 7.94307E-3 8.38525E-3 8.88043E-3 1.33392E-2 2.4112E-2 4.43507E-2 5.00594E-2 5.93416E-2 2.92261E-2 3.17948E-2 3.38468E-2 3.49981E-2 3.2617E-2 3.25009E-2 4.20077E-2 4.53044E-2 4.21757E-2 3.62881E-2 3.85725E-2 4.18079E-2 4.14429E-2 3.64626E-2 2.46159E-2 1.94251E-2 1.41585E-2 9.92264E-3 6.95115E-3
-9999 -9999 -9999 -9999 -9999 -9999 -9999 -9999 -9999 -9999 -9999 -9999 -9999 -9999 -9999 -9999 -9999 -9999 -9999 -9999 -9999 -9999 -9999 -9999 -9999 -9999 -9999 -9999 -9999 -9999 -9999 3.38307E-2 9.35691E-3 7.82261E-3 7.88341E-3 7.21162E-3 7.12628E-3 6.19799E-3 5.71853E-3 6.85354E-3 8.17275E-3 1.03098E-2 1.10206E-2 1.11197E-2 1.12475E-2 1.25134E-2 1.77522E-2 2.06836E-2 3.86772E-2 4.39398E-2 3.68747E-2 4.47714E-2 3.84848E-2 4.27805E-2 4.32425E-2 5.73784E-2 6.43069E-2 7.6502E-2 7.83502E-2 7.11941E-2 6.27352E-2 5.88012E-2 5.92974E-2 4.5403E-2 4.23476E-2 3.70865E-2 3.0778E-2 2.2923E-2 1.60379E-2 1.07866E-2
-9999 -9999 -9999 -9999 -9999 -9999 -9999 -9999 -9999 -9999 -9999 -9999 -9999 -9999 -9999 -9999 -9999 -9999 -9999 -9999 -9999 -9999 -9999 -9999 -9999 -9999 -9999 -9999 -9999 -9999 -9999 3.91872E-2 1.19401E-2 6.94537E-3 8.3942E-3 8.72365E-3 8.64569E-3 8.09821E-3 8.08265E-3 9.59014E-3 1.19519E-2 1.42067E-2 1.50328E-2 1.46013E-2 1.56531E-2 1.68467E-2 1.75107E-2 2.74005E-2 3.32035E-2 3.14819E-2 4.10514E-2 5.09647E-2 5.81546E-2 6.36899E-2 6.89147E-2 7.40796E-2 8.48232E-2 9.7874E-2 -9999 -9999 -9999 -9999 -9999 6.04167E-2 5.8686E-2 5.396E-2 4.96847E-2 3.97028E-2 2.7826E-2 1.63002E-2
-9999 -9999 -9999 -9999 -9999 -9999 -9999 -9999 -9999 -9999 -9999 -9999 -9999 -9999 -9999 -9999 -9999 -9999 -9999 -9999 -9999 -9999 -9999 -9999 -9999 -9999 -9999 -9999 -9999 -9999 -9999 4.17569E-2 1.64411E-2 8.97351E-3 1.09547E-2 1.21256E-2 1.14112E-2 9.85593E-3 1.09786E-2 1.44271E-2 1.80776E-2 2.20619E-2 2.20366E-2 2.07151E-2 2.27925E-2 2.57133E-2 2.66868E-2 3.35796E-2 3.41752E-2 4.30375E-2 5.88641E-2 6.77219E-2 7.71753E-2 8.52785E-2 9.07268E-2 -9999 -9999 -9999 -9999 -9999 -9999 -9999 -9999 -9999 -9999 -9999 6.3291E-2 5.79607E-2 4.00176E-2 2.55293E-2
-9999 -9999 -9999 -9999 -9999 -9999 -9999 -9999 -9999 -9999 -9999 -9999 -9999 -9999 -9999 -9999 -9999 -9999 -9999 -9999 -9999 -9999 -9999 -9999 -9999 -9999 -9999 -9999 -9999 -9999 -9999 4.51787E-2 1.92135E-2 1.28892E-2 1.78306E-2 1.70509E-2 1.55632E-2 1.52203E-2 1.74374E-2 2.25029E-2 2.72549E-2 3.45082E-2 3.97056E-2 3.93832E-2 3.97975E-2 4.06632E-2 4.11368E-2 4.13845E-2 4.91178E-2 6.34819E-2 7.55877E-2 -9999 -9999 -9999 -9999 -9999 -9999 -9999 -9999 -9999 -9999 -9999 -9999 -9999 -9999 -9999 -9999 -9999 5.53088E-2 3.97213E-2
-9999 -9999 -9999 -9999 -9999 -9999 -9999 -9999 -9999 -9999 -9999 -9999 -9999 -9999 -9999 -9999 -9999 -9999 -9999 -9999 -9999 -9999 -9999 -9999 -9999 -9999 -9999 -9999 -9999 -9999 -9999 3.87714E-2 2.06005E-2 2.0544E-2 2.25302E-2 2.23263E-2 2.32364E-2 2.56237E-2 3.1759E-2 3.70715E-2 4.99546E-2 5.79566E-2 6.7376E-2 7.0135E-2 7.16232E-2 6.71718E-2 6.62766E-2 6.84373E-2 -9999 -9999 -9999 -9999 -9999 -9999 -9999 -9999 -9999 -9999 -9999 -9999 -9999 -9999 -9999 -9999 -9999 -9999 -9999 -9999 7.21657E-2 6.16828E-2
-9999 -9999 -9999 -9999 -9999 -9999 -9999 -9999 -9999 -9999 -9999 -9999 -9999 -9999 -9999 -9999 -9999 -9999 -9999 -9999 -9999 -9999 -9999 -9999 -9999 -9999 -9999 -9999 -9999 -9999 8.65337E-2 4.3833E-2 2.96712E-2 2.83081E-2 3.34418E-2 3.25067E-2 3.49857E-2 4.33901E-2 5.01144E-2 6.20064E-2 8.14561E-2 8.48776E-2 9.44438E-2 1.09121E-1 1.02429E-1 9.16047E-2 9.54377E-2 9.95682E-2 -9999 -9999 -9999 -9999 -9999 -9999 -9999 -9999 -9999 -9999 -9999 -9999 -9999 -9999 -9999 -9999 -9999 -9999 -9999 -9999 -9999 -9999
