data/sdm/Kinkajou.asc
ncols         720
nrows         300
xllcorner     -180.0
yllcorner     -60.0
cellsize      0.5
NODATA_value  -9999
[rows 31 to 61 of 300, columns 630 to 699 of 720]
-9999 7.63413E-8 -9999 -9999 -9999 -9999 -9999 -9999 -9999 -9999 1.37768E-6 1.74549E-6 -9999 -9999 -9999 -9999 -9999 -9999 -9999 -9999 -9999 -9999 -9999 -9999 -9999 -9999 -9999 -9999 -9999 -9999 -9999 -9999 -9999 -9999 -9999 -9999 -9999 -9999 -9999 -9999 -9999 -9999 -9999 -9999 -9999 -9999 -9999 -9999 -9999 -9999 -9999 -9999 -9999 -9999 -9999 -9999 -9999 -9999 -9999 -9999 -9999 -9999 -9999 -9999 -9999 -9999 -9999 -9999 -9999 -9999
-9999 -9999 -9999 -9999 -9999 -9999 -9999 -9999 -9999 -9999 -9999 -9999 1.38107E-6 1.85833E-6 2.20526E-6 2.74847E-6 -9999 -9999 -9999 -9999 -9999 -9999 -9999 -9999 -9999 -9999 -9999 -9999 -9999 -9999 -9999 -9999 -9999 -9999 -9999 -9999 -9999 -9999 -9999 -9999 -9999 -9999 -9999 -9999 -9999 -9999 -9999 -9999 -9999 -9999 -9999 -9999 -9999 -9999 -9999 -9999 -9999 -9999 -9999 -9999 -9999 -9999 -9999 -9999 -9999 -9999 -9999 -9999 -9999 -9999
-9999 -9999 -9999 -9999 -9999 -9999 -9999 -9999 -9999 -9999 -9999 -9999 -9999 1.15668E-6 1.55341E-6 2.01417E-6 2.46323E-6 -9999 -9999 -9999 -9999 -9999 -9999 -9999 -9999 -9999 -9999 -9999 -9999 -9999 -9999 -9999 -9999 -9999 -9999 -9999 -9999 -9999 -9999 -9999 -9999 -9999 -9999 -9999 -9999 -9999 -9999 -9999 -9999 -9999 -9999 -9999 -9999 -9999 -9999 -9999 -9999 -9999 -9999 -9999 -9999 -9999 -9999 -9999 -9999 -9999 -9999 -9999 -9999 -9999
-9999 -9999 -9999 -9999 -9999 -9999 -9999 -9999 -9999 -9999 -9999 3.64087E-7 4.35827E-7 5.82477E-7 7.5095E-7 1.04393E-6 1.13796E-6 1.10068E-6 -9999 -9999 -9999 -9999 -9999 -9999 -9999 -9999 -9999 -9999 -9999 -9999 -9999 -9999 -9999 -9999 -9999 -9999 -9999 -9999 -9999 -9999 -9999 -9999 -9999 -9999 -9999 -9999 -9999 -9999 -9999 -9999 -9999 -9999 -9999 -9999 -9999 -9999 -9999 -9999 -9999 -9999 -9999 -9999 -9999 -9999 -9999 -9999 -9999 -9999 -9999 -9999
-9999 -9999 -9999 -9999 -9999 -9999 -9999 -9999 6.06208E-8 9.69845E-8 1.1693E-7 1.64513E-7 2.26425E-7 2.95896E-7 3.71949E-7 4.78324E-7 5.29327E-7 5.81147E-7 4.62105E-7 3.47751E-7 2.72398E-7 2.09365E-7 1.64634E-7 1.19411E-7 9.18288E-8 7.48926E-8 5.93791E-8 4.41479E-8 3.60704E-8 -9999 -9999 -9999 -9999 -9999 -9999 -9999 -9999 -9999 -9999 -9999 -9999 -9999 -9999 -9999 -9999 -9999 -9999 -9999 -9999 -9999 -9999 -9999 -9999 -9999 -9999 -9999 -9999 -9999 -9999 -9999 -9999 -9999 -9999 -9999 -9999 -9999 -9999 -9999 -9999 -9999
-9999 -9999 -9999 -9999 -9999 -9999 -9999 1.46482E-8 -9999 3.94881E-8 5.22229E-8 7.18088E-8 1.01623E-7 1.28808E-7 1.67617E-7 2.06525E-7 2.18963E-7 2.16805E-7 2.1405E-7 1.82709E-7 1.35882E-7 1.10824E-7 8.65014E-8 7.01994E-8 5.293E-8 3.9614E-8 3.03733E-8 2.48906E-8 2.1231E-8 1.94862E-8 -9999 -9999 -9999 -9999 -9999 -9999 -9999 -9999 -9999 -9999 -9999 -9999 -9999 -9999 -9999 -9999 -9999 -9999 -9999 -9999 -9999 -9999 -9999 -9999 -9999 -9999 -9999 -9999 -9999 -9999 -9999 -9999 -9999 -9999 -9999 -9999 -9999 -9999 -9999 -9999
3.02663E-10 4.82826E-10 8.21843E-10 1.26122E-9 1.83351E-9 2.98079E-9 4.86248E-9 7.17791E-9 1.07011E-8 1.53999E-8 2.02133E-8 2.89017E-8 4.05834E-8 5.38122E-8 7.01834E-8 8.21083E-8 9.4867E-8 9.4756E-8 8.45317E-8 7.81406E-8 6.50713E-8 5.62536E-8 4.42659E-8 3.3025E-8 2.44135E-8 1.98459E-8 1.57008E-8 1.26933E-8 1.14813E-8 9.40407E-9 8.63958E-9 8.14662E-9 7.21008E-9 6.83679E-9 -9999 -9999 -9999 -9999 -9999 -9999 -9999 -9999 -9999 -9999 -9999 -9999 -9999 -9999 -9999 -9999 -9999 -9999 -9999 -9999 -9999 -9999 -9999 -9999 -9999 -9999 -9999 -9999 -9999 -9999 -9999 -9999 -9999 -9999 -9999 -9999
1.18625E-10 1.95732E-10 3.03935E-10 4.81878E-10 7.64297E-10 1.21326E-9 1.77207E-9 2.72833E-9 4.25384E-9 5.9608E-9 8.76234E-9 1.24336E-8 1.67168E-8 2.12083E-8 2.59074E-8 3.17026E-8 3.88269E-8 3.69328E-8 3.65099E-8 3.58064E-8 2.98583E-8 2.57037E-8 2.08113E-8 1.54439E-8 1.21365E-8 9.29792E-9 8.07275E-9 6.78424E-9 5.8783E-9 5.21358E-9 5.09244E-9 4.38925E-9 4.27822E-9 4.01245E-9 4.12311E-9 5.08149E-9 4.35057E-9 5.81358E-9 5.52552E-9 7.02877E-9 8.35129E-9 9.1699E-9 1.17998E-8 1.77841E-8 2.43687E-8 3.21554E-8 4.64427E-8 7.36823E-8 1.27635E-7 -9999 -9999 7.57656E-7 -9999 2.66018E-6 -9999 -9999 -9999 -9999 -9999 -9999 -9999 -9999 -9999 -9999 -9999 -9999 -9999 -9999 -9999 -9999
4.3598E-11 6.75194E-11 1.10898E-10 1.83328E-10 2.82437E-10 4.46537E-10 6.94462E-10 1.03761E-9 1.47048E-9 2.30017E-9 3.08357E-9 4.65269E-9 5.71795E-9 7.85226E-9 9.72755E-9 1.18344E-8 1.34205E-8 1.38722E-8 1.48891E-8 1.34034E-8 1.16276E-8 1.05276E-8 8.42848E-9 7.15455E-9 5.58974E-9 4.6477E-9 4.14018E-9 3.50793E-9 3.17E-9 2.9302E-9 2.74362E-9 2.52502E-9 2.9503E-9 2.80146E-9 2.87635E-9 2.95058E-9 2.89797E-9 3.34032E-9 3.96087E-9 4.21694E-9 5.23971E-9 6.20886E-9 8.23061E-9 1.06669E-8 1.17392E-8 1.66897E-8 2.60495E-8 4.41979E-8 7.8176E-8 1.41561E-7 -9999 -9999 -9999 -9999 -9999 -9999 -9999 -9999 -9999 -9999 -9999 -9999 -9999 -9999 -9999 -9999 -9999 -9999 -9999 -9999
1.5211E-11 2.47798E-11 4.08312E-11 6.25286E-11 1.01447E-10 1.6459E-10 2.39903E-10 3.55732E-10 5.10583E-10 7.10887E-10 1.015E-9 1.51942E-9 2.01729E-9 2.66425E-9 3.12837E-9 3.86131E-9 4.48295E-9 5.16792E-9 5.6555E-9 5.59448E-9 4.59982E-9 4.27637E-9 3.82365E-9 3.29214E-9 2.76822E-9 3.01169E-9 2.60385E-9 2.3452E-9 2.02997E-9 1.9924E-9 1.7815E-9 1.55955E-9 1.6105E-9 1.28645E-9 1.38841E-9 1.72054E-9 1.8809E-9 2.04734E-9 2.28834E-9 2.43323E-9 3.0225E-9 3.67307E-9 4.60475E-9 6.30578E-9 8.0331E-9 1.16688E-8 1.72509E-8 2.6573E-8 4.06329E-8 7.28738E-8 1.36105E-7 -9999 -9999 -9999 -9999 -9999 9.62867E-7 7.16535E-7 5.1169E-7 -9999 -9999 -9999 -9999 -9999 -9999 2.95403E-8 2.61808E-8 2.44323E-8 2.54209E-8 -9999
5.64973E-12 9.42251E-12 1.59282E-11 2.63204E-11 4.03423E-11 6.22396E-11 9.31128E-11 1.33842E-10 2.02076E-10 2.75536E-10 3.96554E-10 5.42673E-10 7.00325E-10 8.91145E-10 1.0637E-9 1.28318E-9 1.72382E-9 1.81788E-9 2.06594E-9 2.05075E-9 2.13938E-9 2.09617E-9 1.98429E-9 1.95467E-9 1.7806E-9 1.63791E-9 1.41811E-9 1.2703E-9 1.19841E-9 1.10706E-9 1.03299E-9 8.10402E-10 9.76567E-10 1.01355E-9 7.6594E-10 1.01542E-9 1.06346E-9 1.23315E-9 1.32335E-9 1.54918E-9 1.88437E-9 2.29975E-9 2.94955E-9 3.61136E-9 4.69622E-9 6.48379E-9 9.54006E-9 1.49699E-8 1.96481E-8 3.86164E-8 7.29114E-8 1.38353E-7 2.55825E-7 4.03723E-7 5.12527E-7 5.45371E-7 5.27025E-7 3.74593E-7 2.80445E-7 1.99728E-7 1.22569E-7 8.46101E-8 5.26778E-8 3.4443E-8 2.46044E-8 1.81026E-8 1.56735E-8 1.43973E-8 -9999 -9999
2.1205E-12 3.60468E-12 6.33001E-12 9.74805E-12 1.71662E-11 2.42943E-11 3.55542E-11 5.77448E-11 8.30172E-11 1.04336E-10 1.39966E-10 2.08173E-10 2.38887E-10 3.34866E-10 4.11114E-10 5.25734E-10 6.48052E-10 7.18651E-10 7.74551E-10 8.68945E-10 8.84882E-10 9.97287E-10 9.5066E-10 9.61877E-10 8.6323E-10 8.56196E-10 8.13033E-10 7.68111E-10 7.17629E-10 5.21411E-10 4.97751E-10 4.62316E-10 4.4763E-10 5.55126E-10 5.76564E-10 6.13513E-10 6.28508E-10 7.08934E-10 8.38456E-10 9.50758E-10 1.07232E-9 1.29976E-9 1.58124E-9 1.91012E-9 2.47249E-9 3.47197E-9 4.78459E-9 6.65703E-9 1.11699E-8 1.6218E-8 3.07141E-8 6.14215E-8 1.05304E-7 1.83746E-7 2.56593E-7 2.78014E-7 2.64279E-7 2.34413E-7 1.87137E-7 1.28127E-7 7.88815E-8 4.90182E-8 3.28467E-8 2.26766E-8 1.49063E-8 1.11427E-8 9.27448E-9 9.36421E-9 1.08678E-8 1.41255E-8
9.02774E-13 1.54995E-12 2.58268E-12 4.42787E-12 7.15317E-12 1.04885E-11 1.59248E-11 2.15622E-11 3.46025E-11 4.17373E-11 5.29773E-11 6.59014E-11 9.42808E-11 1.04856E-10 1.53085E-10 1.85325E-10 2.32069E-10 2.62425E-10 3.09551E-10 3.64162E-10 3.89649E-10 4.35727E-10 4.76412E-10 5.02689E-10 5.14797E-10 4.58765E-10 4.57095E-10 4.51138E-10 4.29072E-10 4.22108E-10 2.84253E-10 3.80832E-10 2.72872E-10 2.78285E-10 3.47841E-10 3.57818E-10 3.74796E-10 4.48863E-10 5.00468E-10 5.70785E-10 6.9297E-10 8.46992E-10 1.02175E-9 1.17688E-9 1.54499E-9 1.8691E-9 2.38419E-9 3.41624E-9 5.12073E-9 8.56549E-9 1.62034E-8 2.61842E-8 5.05129E-8 8.35278E-8 1.17858E-7 1.3988E-7 1.41731E-7 1.4232E-7 1.17752E-7 8.53582E-8 5.38887E-8 3.59748E-8 2.29796E-8 1.44456E-8 9.20195E-9 7.1672E-9 5.53378E-9 6.62207E-9 7.94654E-9 1.10415E-8
4.18028E-13 7.93336E-13 1.23788E-12 2.20236E-12 3.20518E-12 4.84787E-12 7.29981E-12 1.00664E-11 1.40421E-11 2.01833E-11 2.37976E-11 3.02067E-11 3.73222E-11 4.43661E-11 5.0746E-11 6.2666E-11 8.30574E-11 9.89293E-11 1.23949E-10 1.57692E-10 1.83437E-10 2.08907E-10 2.39543E-10 2.63686E-10 2.91243E-10 2.69425E-10 2.70246E-10 2.65865E-10 2.71301E-10 2.50424E-10 2.48519E-10 1.78612E-10 1.64467E-10 1.6508E-10 2.28294E-10 2.36662E-10 2.54524E-10 3.00712E-10 3.26163E-10 3.97681E-10 4.52565E-10 5.61558E-10 6.79738E-10 7.81393E-10 8.28387E-10 9.9918E-10 1.1604E-9 1.60968E-9 2.18776E-9 3.76383E-9 6.84271E-9 1.41303E-8 2.25617E-8 3.98983E-8 6.19707E-8 8.78888E-8 9.50425E-8 8.73588E-8 7.82794E-8 5.64299E-8 4.26632E-8 2.80229E-8 1.78489E-8 1.11578E-8 6.85788E-9 4.50849E-9 4.30361E-9 5.26418E-9 6.52835E-9 9.64582E-9
2.25584E-13 4.02607E-13 6.47784E-13 1.03509E-12 1.66531E-12 2.65989E-12 3.72197E-12 4.71105E-12 6.1289E-12 7.88288E-12 9.57005E-12 1.30384E-11 1.38518E-11 1.61547E-11 1.69041E-11 2.4441E-11 2.3351E-11 3.06692E-11 4.40994E-11 6.34565E-11 8.89119E-11 1.15129E-10 1.29633E-10 1.52546E-10 1.69821E-10 1.83335E-10 1.72972E-10 1.71387E-10 1.76892E-10 1.73872E-10 1.21392E-10 1.15646E-10 1.10913E-10 9.87727E-11 1.10063E-10 1.56692E-10 1.67992E-10 1.93471E-10 2.18391E-10 2.65905E-10 3.04856E-10 3.74432E-10 4.33708E-10 5.40898E-10 5.81094E-10 6.61951E-10 7.43493E-10 8.08041E-10 9.7023E-10 1.64864E-9 3.41673E-9 7.49217E-9 1.45377E-8 2.17798E-8 3.57019E-8 4.53367E-8 6.41508E-8 6.22688E-8 5.84529E-8 4.70026E-8 3.51135E-8 2.33591E-8 1.63854E-8 1.04436E-8 5.78878E-9 3.26472E-9 2.73308E-9 3.76672E-9 5.827E-9 9.43283E-9
1.63519E-13 2.30741E-13 4.12573E-13 6.14784E-13 9.72714E-13 1.55175E-12 2.0243E-12 2.66194E-12 3.45515E-12 3.95618E-12 4.32694E-12 5.61745E-12 6.06362E-12 6.89355E-12 7.12591E-12 1.03417E-11 1.11396E-11 1.23129E-11 1.60812E-11 2.42577E-11 3.48676E-11 5.05562E-11 7.58959E-11 9.79303E-11 1.17037E-10 1.42865E-10 1.5562E-10 1.42746E-10 1.37439E-10 1.32909E-10 8.92697E-11 7.87584E-11 7.48605E-11 6.87616E-11 7.1148E-11 9.83533E-11 1.02433E-10 1.27434E-10 1.56547E-10 1.89154E-10 2.41231E-10 2.84969E-10 3.65881E-10 3.89068E-10 4.58451E-10 4.83932E-10 5.08806E-10 4.82326E-10 4.88641E-10 8.18153E-10 2.23194E-9 4.99486E-9 9.87865E-9 1.87087E-8 2.51257E-8 3.50005E-8 4.75473E-8 4.96131E-8 4.7918E-8 4.28828E-8 3.26494E-8 2.25545E-8 1.56715E-8 1.06887E-8 6.73189E-9 5.83675E-9 4.43719E-9 4.90162E-9 6.92889E-9 9.91839E-9
9.96937E-14 1.56408E-13 2.4612E-13 4.0568E-13 6.32503E-13 8.87073E-13 1.14472E-12 1.64726E-12 1.96811E-12 2.22658E-12 2.38929E-12 2.3301E-12 2.51828E-12 2.59228E-12 2.93144E-12 3.8034E-12 5.00713E-12 6.46157E-12 9.0674E-12 1.25737E-11 1.7849E-11 2.73292E-11 4.07613E-11 5.3757E-11 7.91754E-11 9.79897E-11 1.15159E-10 1.29072E-10 1.23909E-10 1.097E-10 6.97005E-11 6.16528E-11 5.60131E-11 4.99054E-11 4.9711E-11 6.80532E-11 8.29673E-11 9.5269E-11 1.15283E-10 1.57492E-10 1.98853E-10 2.54788E-10 3.14113E-10 3.99047E-10 4.63932E-10 4.85021E-10 4.63444E-10 4.82493E-10 4.72676E-10 8.65029E-10 1.9652E-9 4.51647E-9 8.96766E-9 1.54385E-8 2.34245E-8 3.21368E-8 4.15992E-8 4.65529E-8 4.44209E-8 4.11929E-8 3.48157E-8 2.69703E-8 2.01078E-8 1.36003E-8 9.32543E-9 7.98834E-9 6.18124E-9 7.18394E-9 8.82615E-9 1.22281E-8
8.49478E-14 1.30971E-13 1.95971E-13 3.08941E-13 4.75665E-13 6.13388E-13 8.82755E-13 1.12704E-12 1.42174E-12 1.47069E-12 1.56288E-12 1.52115E-12 1.4722E-12 1.32916E-12 1.31289E-12 1.63409E-12 1.92103E-12 2.71082E-12 4.46758E-12 7.54001E-12 1.31379E-11 2.09219E-11 3.53509E-11 4.93372E-11 6.25935E-11 7.89364E-11 9.44424E-11 1.05869E-10 1.13076E-10 1.05005E-10 6.55219E-11 5.14454E-11 4.30381E-11 3.83065E-11 4.803E-11 5.37594E-11 6.20834E-11 7.39914E-11 9.9461E-11 1.44505E-10 1.96409E-10 2.72387E-10 3.46485E-10 4.06953E-10 4.75941E-10 5.56627E-10 6.2525E-10 6.67352E-10 8.33362E-10 1.25673E-9 2.64298E-9 5.35016E-9 9.2217E-9 1.57091E-8 2.39475E-8 3.25095E-8 4.00197E-8 4.54483E-8 5.03586E-8 4.51302E-8 4.24519E-8 3.4698E-8 2.37397E-8 2.0882E-8 1.54918E-8 1.20211E-8 1.20705E-8 1.14267E-8 1.29731E-8 1.71018E-8
7.0849E-14 1.05288E-13 1.76538E-13 2.67127E-13 3.92745E-13 5.60046E-13 7.46633E-13 8.68555E-13 9.95594E-13 1.12513E-12 1.12118E-12 9.18875E-13 8.53591E-13 7.78694E-13 6.59961E-13 6.65045E-13 8.91257E-13 1.31024E-12 2.28221E-12 4.60506E-12 9.32057E-12 1.77865E-11 3.11512E-11 5.3976E-11 7.30972E-11 8.61697E-11 1.1017E-10 1.19021E-10 1.1327E-10 1.15933E-10 6.66906E-11 5.27469E-11 3.89291E-11 3.16395E-11 3.07715E-11 4.21513E-11 5.43184E-11 7.01548E-11 1.04049E-10 1.4978E-10 2.163E-10 2.92121E-10 4.00913E-10 5.36861E-10 6.80312E-10 8.09206E-10 9.78262E-10 1.17693E-9 1.60244E-9 2.39744E-9 3.12364E-9 5.38037E-9 9.33494E-9 1.93449E-8 2.84179E-8 3.86177E-8 4.91094E-8 5.68456E-8 6.0452E-8 6.10118E-8 5.82522E-8 4.60299E-8 3.64368E-8 2.97912E-8 2.87735E-8 2.29195E-8 2.26321E-8 2.43E-8 2.81587E-8 2.55326E-8
7.49402E-14 9.75949E-14 1.65693E-13 2.41284E-13 3.92394E-13 5.38662E-13 7.0094E-13 8.52551E-13 1.02148E-12 1.04352E-12 9.4311E-13 8.00855E-13 6.25348E-13 4.58571E-13 3.70221E-13 3.41695E-13 4.15123E-13 7.06879E-13 1.52514E-12 3.43923E-12 8.25415E-12 1.86027E-11 3.41702E-11 5.62047E-11 8.82417E-11 1.31502E-10 1.53881E-10 1.63935E-10 1.61167E-10 1.51934E-10 1.20362E-10 6.18664E-11 4.0429E-11 3.16502E-11 2.55096E-11 3.98026E-11 5.01955E-11 5.0806E-11 1.10987E-10 1.76288E-10 2.88478E-10 4.19827E-10 6.13545E-10 8.36954E-10 1.03384E-9 1.25906E-9 1.77278E-9 2.1184E-9 3.32056E-9 4.82289E-9 5.48173E-9 9.29258E-9 1.4853E-8 2.33715E-8 4.09995E-8 5.50829E-8 6.87635E-8 7.84341E-8 8.37076E-8 9.01502E-8 7.65432E-8 7.18669E-8 6.03164E-8 4.39449E-8 5.44557E-8 5.35998E-8 5.37055E-8 4.42085E-8 4.36172E-8 4.68603E-8
7.26847E-14 1.10677E-13 1.69909E-13 2.91647E-13 4.23663E-13 6.02404E-13 8.14497E-13 1.00161E-12 1.2644E-12 1.23587E-12 1.05172E-12 8.67559E-13 5.91182E-13 4.01E-13 2.41944E-13 1.85503E-13 2.44516E-13 7.38031E-13 1.3207E-12 3.54663E-12 1.03525E-11 2.39192E-11 4.93582E-11 9.2045E-11 1.395E-10 2.00091E-10 2.44677E-10 2.9826E-10 2.83653E-10 2.51266E-10 1.68902E-10 1.1238E-10 7.3106E-11 4.45685E-11 3.27938E-11 3.71489E-11 4.90857E-11 8.09802E-11 1.492E-10 2.50918E-10 4.13611E-10 6.41182E-10 9.63336E-10 1.41338E-9 1.98942E-9 2.50362E-9 3.46709E-9 3.77067E-9 5.15649E-9 7.66502E-9 1.09138E-8 1.66125E-8 2.56583E-8 3.80249E-8 5.3881E-8 7.43745E-8 8.83279E-8 1.0211E-7 1.1713E-7 1.15733E-7 1.04804E-7 9.50505E-8 9.97368E-8 9.24883E-8 9.06589E-8 1.02838E-7 1.11985E-7 1.16959E-7 1.23253E-7 1.41794E-7
7.58212E-14 1.20392E-13 2.09531E-13 3.41554E-13 5.56565E-13 8.99746E-13 1.16129E-12 1.64998E-12 1.80256E-12 1.96153E-12 1.68475E-12 1.25329E-12 9.0512E-13 4.77773E-13 2.74005E-13 1.49547E-13 1.34178E-13 4.03332E-13 2.3461E-12 5.6188E-12 1.6763E-11 4.4985E-11 9.73474E-11 1.74215E-10 2.87366E-10 4.12716E-10 5.18542E-10 6.11217E-10 5.77782E-10 4.84876E-10 3.36495E-10 2.05048E-10 1.09084E-10 5.6594E-11 3.23085E-11 3.62874E-11 4.49516E-11 9.29858E-11 2.43616E-10 4.36763E-10 7.46474E-10 1.21748E-9 1.82074E-9 2.82667E-9 4.02924E-9 5.46185E-9 6.19007E-9 9.20944E-9 1.24418E-8 1.70562E-8 2.43813E-8 3.48684E-8 4.94208E-8 7.06083E-8 9.99977E-8 1.27815E-7 1.64033E-7 1.86771E-7 2.09552E-7 2.13348E-7 1.9906E-7 1.96454E-7 1.85717E-7 1.91107E-7 2.23792E-7 2.53994E-7 2.93933E-7 3.51304E-7 4.04181E-7 4.60346E-7
8.88846E-14 1.67158E-13 2.72472E-13 5.16192E-13 9.2331E-13 1.40874E-12 2.05436E-12 2.87006E-12 3.39589E-12 3.46226E-12 3.35973E-12 2.77168E-12 1.77249E-12 1.06581E-12 4.83296E-13 1.76009E-13 9.99687E-14 6.19043E-13 3.5334E-12 1.41855E-11 3.82072E-11 9.94788E-11 2.23605E-10 4.58747E-10 7.33785E-10 1.16514E-9 1.3283E-9 1.63325E-9 1.5926E-9 1.36429E-9 9.1449E-10 5.32779E-10 3.20388E-10 1.1327E-10 4.94702E-11 4.60749E-11 1.21085E-10 2.27239E-10 3.85913E-10 9.481E-10 1.62104E-9 2.81125E-9 4.50701E-9 6.38626E-9 9.59791E-9 1.08112E-8 1.44265E-8 2.1145E-8 2.91962E-8 3.97959E-8 5.33918E-8 7.82821E-8 1.10738E-7 1.40705E-7 1.9307E-7 2.52649E-7 3.01065E-7 3.64755E-7 4.35478E-7 4.50924E-7 4.06929E-7 3.59081E-7 3.90468E-7 4.47994E-7 5.68366E-7 7.30337E-7 9.88986E-7 1.15779E-6 1.42807E-6 1.73435E-6
1.20833E-13 2.31391E-13 4.18566E-13 8.64007E-13 1.6922E-12 2.8147E-12 4.21397E-12 5.97376E-12 7.44055E-12 8.63669E-12 8.47403E-12 8.7684E-12 6.00284E-12 3.68698E-12 2.17497E-12 1.3541E-12 1.22276E-12 3.95607E-12 1.42481E-11 4.36689E-11 1.20485E-10 3.3759E-10 6.97174E-10 1.56544E-9 2.18384E-9 3.48891E-9 4.68307E-9 5.14264E-9 5.21874E-9 4.51719E-9 3.40733E-9 2.06127E-9 8.85716E-10 2.51539E-10 7.5773E-11 1.04218E-10 2.43588E-10 7.02673E-10 1.52314E-9 2.76405E-9 4.48906E-9 6.76612E-9 1.07971E-8 1.57068E-8 2.19322E-8 2.88345E-8 3.5268E-8 5.04991E-8 6.95083E-8 9.87238E-8 1.23652E-7 1.78982E-7 2.27277E-7 3.29814E-7 4.04231E-7 5.6923E-7 7.0372E-7 8.47475E-7 9.48431E-7 1.0448E-6 9.72967E-7 8.66363E-7 8.64139E-7 1.07122E-6 1.65087E-6 2.42819E-6 3.20591E-6 4.27943E-6 5.26512E-6 6.29016E-6
1.50046E-13 3.26306E-13 7.79415E-13 1.60864E-12 3.19588E-12 6.86111E-12 1.1236E-11 1.59008E-11 2.04346E-11 2.54478E-11 2.86364E-11 2.92466E-11 2.89762E-11 2.29297E-11 1.6236E-11 1.99472E-11 2.3611E-11 3.86108E-11 9.49495E-11 2.22771E-10 5.66243E-10 1.29837E-9 2.41995E-9 4.71809E-9 8.52936E-9 1.24529E-8 1.72055E-8 1.81915E-8 1.67622E-8 1.77444E-8 1.5436E-8 1.02927E-8 5.18623E-9 2.03756E-9 1.08211E-9 1.0067E-9 1.49402E-9 2.5121E-9 5.18451E-9 9.17792E-9 1.30049E-8 2.02555E-8 2.83363E-8 3.60208E-8 5.01636E-8 6.82956E-8 1.01805E-7 1.31928E-7 1.79325E-7 2.26338E-7 3.19547E-7 4.14863E-7 5.25644E-7 7.0056E-7 8.89805E-7 1.1678E-6 1.46266E-6 -9999 2.36181E-6 2.6552E-6 2.70499E-6 2.53258E-6 2.63985E-6 3.58357E-6 5.75845E-6 8.57766E-6 1.11307E-5 1.54024E-5 1.65596E-5 1.81171E-5
1.97851E-13 5.57943E-13 1.30722E-12 3.52222E-12 7.47317E-12 1.56799E-11 2.80735E-11 5.18707E-11 7.59088E-11 9.20371E-11 1.12914E-10 1.42895E-10 1.33726E-10 1.55704E-10 1.52257E-10 1.62998E-10 2.23997E-10 3.52618E-10 6.43659E-10 1.35176E-9 2.98067E-9 5.55577E-9 1.03634E-8 1.79005E-8 2.84024E-8 3.954E-8 5.93456E-8 8.42146E-8 9.66211E-8 9.60079E-8 7.39793E-8 5.52855E-8 3.71349E-8 2.06679E-8 1.32017E-8 9.49391E-9 1.09136E-8 1.36726E-8 1.868E-8 2.70607E-8 4.65035E-8 6.31275E-8 8.10606E-8 1.1165E-7 1.54826E-7 1.94868E-7 2.48127E-7 3.3122E-7 -9999 6.24873E-7 8.61473E-7 9.52046E-7 1.16476E-6 1.54961E-6 2.01574E-6 2.66205E-6 3.91947E-6 -9999 5.55521E-6 7.15756E-6 8.47642E-6 9.71931E-6 1.14182E-5 1.48394E-5 2.04698E-5 2.77127E-5 3.64657E-5 4.53436E-5 5.51688E-5 5.76264E-5
2.96063E-13 9.90662E-13 2.88501E-12 8.34359E-12 1.98184E-11 4.86112E-11 9.02481E-11 1.63279E-10 2.76965E-10 3.88294E-10 5.39826E-10 8.2578E-10 8.25756E-10 9.19014E-10 1.53405E-9 1.7451E-9 2.85952E-9 4.36102E-9 4.81586E-9 7.8072E-9 1.52089E-8 2.99628E-8 4.17541E-8 6.67971E-8 9.66974E-8 1.7168E-7 2.16138E-7 3.44034E-7 3.54482E-7 4.8383E-7 4.56333E-7 3.92046E-7 2.68481E-7 1.51737E-7 1.12941E-7 7.36483E-8 7.07158E-8 7.1862E-8 8.96592E-8 1.04826E-7 1.39855E-7 1.85023E-7 2.48734E-7 -9999 -9999 -9999 -9999 -9999 -9999 1.6064E-6 1.8886E-6 2.26169E-6 2.73733E-6 3.15303E-6 -9999 -9999 -9999 1.30054E-5 1.54594E-5 2.11824E-5 2.38661E-5 3.36583E-5 4.0543E-5 5.11093E-5 7.08274E-5 8.31649E-5 1.11129E-4 1.50891E-4 1.89689E-4 1.78172E-4
5.20569E-13 2.11601E-12 7.01108E-12 2.40511E-11 5.9755E-11 1.60537E-10 3.02496E-10 6.0732E-10 9.37004E-10 1.86016E-9 2.77163E-9 4.23673E-9 6.64409E-9 6.18595E-9 1.12756E-8 2.50411E-8 2.37331E-8 3.64491E-8 3.73972E-8 6.10223E-8 9.56796E-8 1.39004E-7 1.97161E-7 2.82912E-7 4.62281E-7 5.81955E-7 9.1144E-7 1.15858E-6 1.39121E-6 1.7986E-6 1.91614E-6 1.98866E-6 1.34512E-6 1.04304E-6 6.68629E-7 4.9584E-7 3.92933E-7 3.74337E-7 3.80104E-7 4.1734E-7 4.98429E-7 6.70521E-7 -9999 -9999 -9999 -9999 -9999 -9999 -9999 -9999 4.35328E-6 4.55882E-6 -9999 -9999 -9999 1.34097E-5 1.95335E-5 2.7332E-5 3.90753E-5 4.99896E-5 7.07119E-5 1.02682E-4 1.46302E-4 1.70156E-4 1.83404E-4 2.48727E-4 3.01602E-4 4.45163E-4 5.87879E-4 5.60226E-4
1.33709E-12 5.87924E-12 2.27116E-11 7.8176E-11 2.15876E-10 6.09533E-10 1.16317E-9 2.79566E-9 5.33627E-9 9.94275E-9 1.42662E-8 2.1183E-8 3.69365E-8 5.80155E-8 9.81355E-8 1.46526E-7 2.02364E-7 2.34239E-7 2.26364E-7 3.53853E-7 5.08583E-7 5.65433E-7 7.09391E-7 1.17492E-6 1.7309E-6 2.49816E-6 3.54074E-6 5.31927E-6 7.59306E-6 7.90392E-6 1.52807E-5 1.4549E-5 8.68047E-6 7.34221E-6 3.81218E-6 2.38997E-6 2.06669E-6 1.62604E-6 1.09594E-6 1.1318E-6 -9999 -9999 -9999 -9999 -9999 -9999 -9999 -9999 -9999 -9999 -9999 -9999 -9999 -9999 1.90378E-5 2.71298E-5 3.7162E-5 3.93744E-5 8.23318E-5 1.19227E-4 1.26675E-4 2.60007E-4 2.75693E-4 3.73808E-4 -9999 -9999 -9999 -9999 -9999 1.20087E-3
4.5761E-12 2.01437E-11 7.63318E-11 2.3719E-10 7.44522E-10 2.59076E-9 5.58754E-9 1.23628E-8 1.91522E-8 3.46838E-8 5.18832E-8 1.04322E-7 1.7067E-7 2.96967E-7 5.43559E-7 1.21312E-6 1.87293E-6 1.41878E-6 1.4192E-6 1.39174E-6 1.51366E-6 2.01956E-6 2.46071E-6 3.34585E-6 4.54876E-6 6.87547E-6 9.75912E-6 1.51501E-5 2.42893E-5 3.43142E-5 4.4638E-5 6.58604E-5 4.30315E-5 3.86013E-5 2.14762E-5 1.22189E-5 6.07014E-6 4.79813E-6 2.8085E-6 -9999 -9999 -9999 -9999 -9999 -9999 -9999 -9999 -9999 -9999 -9999 -9999 -9999 1.58186E-5 2.61426E-5 3.52349E-5 3.4905E-5 5.34088E-5 -9999 -9999 1.86506E-4 -9999 -9999 4.37356E-4 -9999 -9999 -9999 -9999 -9999 -9999 -9999
1.85948E-11 7.37139E-11 2.88429E-10 1.00455E-9 3.13128E-9 8.2266E-9 2.06298E-8 4.31097E-8 8.1485E-8 1.14723E-7 1.92271E-7 3.04941E-7 5.16443E-7 8.85419E-7 1.79556E-6 3.45188E-6 -9999 -9999 -9999 -9999 -9999 -9999 5.52524E-6 -9999 8.86655E-6 1.22235E-5 -9999 3.01444E-5 -9999 -9999 -9999 -9999 -9999 6.82944E-5 3.71924E-5 2.5631E-5 1.83462E-5 1.43943E-5 1.14807E-5 1.11108E-5 1.00342E-5 -9999 -9999 -9999 -9999 -9999 -9999 -9999 -9999 -9999 2.68413E-5 2.49653E-5 2.71211E-5 3.22655E-5 4.47694E-5 6.78871E-5 9.26038E-5 -9999 -9999 -9999 -9999 -9999 -9999 -9999 -9999 -9999 -9999 -9999 -9999 -9999
